[
            {(5, 3): 0.006526470184326172, (5, 16): 0.006526470184326172, (5, 17): 0.016802072525024414,
             (16, 3): 0.006526470184326172, (16, 5): 0.006526470184326172, (3, 16): 0.006526470184326172,
             (3, 5): 0.016802072525024414, (3, 17): 0.016802072525024414, (3, 2): 0.015128927049204457,
             (3, 4): 0.011427371307616035, (17, 5): 0.016802072525024414, (17, 3): 0.016802072525024414,
             (2, 3): 0.00345003604888916, (2, 6): 0.015454596763627251, (2, 1): 0.0063407892948406114,
             (4, 3): 0.00844109058380127, (6, 2): 0.007352113723754883, (6, 7): 0.009877226762225933,
             (6, 8): 0.011658901150463431, (1, 2): 0.003952741622924805, (1, 9): 0.016769484077811987,
             (9, 1): 0.0029311180114746094, (9, 13): 0.003428233166626625, (9, 10): 0.014193613980527122,
             (13, 9): 0.005273103713989258, (13, 15): 0.006093773239962901, (13, 14): 0.005647143643371975,
             (10, 9): 0.0070078372955322266, (10, 12): 0.00740303126576366, (10, 11): 0.0166180876907201,
             (7, 6): 0.003304004669189453, (8, 6): 0.0024733543395996094, (15, 13): 0.006414294242858887,
             (14, 13): 0.008252382278442383, (12, 10): 0, (11, 10): 0.0064890384674072266},
            {(5, 3): 0.00579397203821503, (3, 5): 0.00579397203821503, (3, 2): 0.005621678751052708,
             (3, 4): 0.0062711638731341975, (4, 3): 0.002898573875427246, (2, 3): 0.005621678751052708,
             (2, 6): 0.0008942325567674221, (2, 1): 0.006079935863408916, (6, 2): 0.002875208854675293,
             (6, 7): 0.006742482505837779, (6, 8): 0.007394857385554607, (1, 9): 0.005638509288885762,
             (1, 2): 0.006079935863408916, (9, 1): 0.005638509288885762, (9, 13): 0.0061032772064208984,
             (9, 16): 0.0061032772064208984, (9, 10): 0.007397871018179951, (9, 17): 0.008625984191894531,
             (16, 13): 0.0061032772064208984, (16, 9): 0.0061032772064208984, (13, 16): 0.0061032772064208984,
             (13, 15): 0.005166342039756493, (13, 9): 0.008625984191894531, (13, 17): 0.008625984191894531,
             (13, 14): 0.008098966625106133, (10, 9): 0.0011595487594604492, (10, 12): 0.00543435388057824,
             (10, 11): 0.004872763854104275, (7, 6): 0.003235340118408203, (8, 6): 0.00409090518951416,
             (15, 13): 0.0022547245025634766, (17, 9): 0.008625984191894531, (17, 13): 0.008625984191894531,
             (14, 13): 0.007058978080749512, (12, 10): 0.006679534912109375, (11, 10): 0.0014151334762573242},
            {(5, 3): 0.006842578452584666, (3, 5): 0.006842578452584666, (3, 2): 0.007702530586371099,
             (3, 4): 0.007043994004046965, (4, 3): 0.001732945442199707, (2, 3): 0.007702530586371099,
             (2, 6): 0.009550754931176245, (2, 1): 0.008202935883744983, (1, 2): 0.005486965179443359,
             (1, 9): 0.00802413675822012, (9, 1): 0.0030663013458251953, (9, 13): 0.0018688749916653626,
             (9, 10): 0.00785817541149891, (13, 9): 0.00474095344543457, (13, 15): 0.007939908481411392,
             (13, 14): 0.011700153302725638, (10, 9): 0.00531458854675293, (10, 12): 0.009835669568075439,
             (10, 11): 0.006271004271394714, (6, 7): 0.009810713070245895, (6, 2): 0.009550754931176245,
             (6, 8): 0.012430667877197266, (6, 16): 0.012430667877197266, (6, 17): 0.007765769958496094,
             (7, 6): 0.002697587013244629, (16, 8): 0.012430667877197266, (16, 6): 0.012430667877197266,
             (8, 16): 0.012430667877197266, (8, 6): 0.007765769958496094, (8, 17): 0.007765769958496094,
             (15, 13): 0.004950404167175293, (14, 13): 0.004373788833618164, (17, 6): 0.007765769958496094,
             (17, 8): 0.007765769958496094, (12, 10): 0.004864931106567383, (11, 10): 0.00664210319519043},
            {(5, 3): 0.0036697096075304263, (3, 5): 0.0036697096075304263, (3, 2): 0.004719716736046728,
             (3, 4): 0.005715860379219072, (4, 3): 0.0016677379608154297, (2, 3): 0.004719716736046728,
             (2, 6): 0.0022947108434542775, (2, 1): 0.0035676839867446524, (6, 2): 0.004250168800354004,
             (6, 7): 0.0037597941745399844, (6, 8): 0.00398572209770578, (1, 9): 0.0035507053832312782,
             (1, 2): 0.0035676839867446524, (9, 1): 0.0035507053832312782, (9, 13): 0.0034288807255492193,
             (9, 10): 0.0035768747329711914, (9, 16): 0.0035768747329711914, (9, 17): 0.011470913887023926,
             (13, 9): 0.005012035369873047, (13, 15): 0.003399453920528501, (13, 14): 0.0017701876776282594,
             (16, 10): 0.0035768747329711914, (16, 9): 0.0035768747329711914, (10, 16): 0.0035768747329711914,
             (10, 9): 0.011470913887023926, (10, 17): 0.011470913887023926, (10, 12): 0.004505129227234742,
             (10, 11): 0.01047987109729355, (7, 6): 0.0007505416870117188, (8, 6): 0.0008102655410766602,
             (15, 13): 0.00644373893737793, (14, 13): 0.007248520851135254, (17, 9): 0.011470913887023926,
             (17, 10): 0.011470913887023926, (12, 10): 0.005031704902648926, (11, 10): 0.005809426307678223},
            {(5, 3): 0.006483634478803782, (3, 5): 0.006483634478803782, (3, 2): 0.006412086500768542,
             (3, 4): 0.004443158159841208, (4, 3): 0.0007299184799194336, (2, 3): 0.006412086500768542,
             (2, 6): 0.006619698299306683, (2, 1): 0.006265399805644693, (6, 2): 0.005150794982910156,
             (6, 7): 0.005193649763369519, (6, 8): 0.005025296941912203, (1, 9): 0.004628832014064314,
             (1, 2): 0.006265399805644693, (9, 1): 0.004628832014064314, (9, 13): 0.004857706362753843,
             (9, 10): 0.00631177330186984, (13, 9): 0.0062258243560791016, (13, 15): 0.006633579073283215,
             (13, 14): 0.004338040242526752, (7, 6): 0.004384160041809082, (8, 6): 0.0010936260223388672,
             (15, 13): 0.004175782203674316, (14, 13): 0.005116105079650879, (10, 9): 0.00631177330186984,
             (10, 12): 0.004688884609524241, (10, 11): 0.0066214799880981445, (10, 16): 0.0066214799880981445,
             (10, 17): 0.006532073020935059, (12, 10): 0.006586551666259766, (16, 11): 0.0066214799880981445,
             (16, 10): 0.0066214799880981445, (11, 16): 0.0066214799880981445, (11, 10): 0.006532073020935059,
             (11, 17): 0.006532073020935059, (17, 10): 0.006532073020935059, (17, 11): 0.006532073020935059},
            {(5, 3): 0.005520355793249413, (3, 5): 0.005520355793249413, (3, 2): 0.00497228996827109,
             (3, 4): 0.003832193555763275, (4, 3): 0.0029762983322143555, (2, 3): 0.00497228996827109,
             (2, 6): 0.0023680418891798773, (2, 1): 0.0027129560693833657, (6, 2): 0.004477500915527344,
             (6, 7): 0.005421869061518035, (6, 8): 0.002331861387112444, (1, 9): 0.0031302329186518436,
             (1, 2): 0.0027129560693833657, (9, 1): 0.0031302329186518436, (9, 13): 0.003399158383479427,
             (9, 10): 0.004327429297712796, (13, 9): 0.004017353057861328, (13, 15): 0.0027190043831727692,
             (13, 14): 0.00278447480942672, (7, 6): 0.005919694900512695, (8, 6): 0.0011017322540283203,
             (15, 13): 0.0038995742797851562, (14, 13): 0.004974484443664551, (10, 9): 0.004327429297712796,
             (10, 12): 0.00271463160125221, (10, 11): 0.0027430057525634766, (10, 16): 0.0027430057525634766,
             (10, 17): 0.014082908630371094, (12, 10): 0.004351258277893066, (16, 11): 0.0027430057525634766,
             (16, 10): 0.0027430057525634766, (11, 16): 0.0027430057525634766, (11, 10): 0.014082908630371094,
             (11, 17): 0.014082908630371094, (17, 10): 0.014082908630371094, (17, 11): 0.014082908630371094},
            {(5, 3): 0.005550135829269014, (3, 5): 0.005550135829269014, (3, 2): 0.004569982751583796,
             (3, 4): 0.007016471324422968, (4, 3): 0.004679322242736816, (2, 3): 0.004569982751583796,
             (2, 6): 0.0020983279675975378, (2, 1): 0.0027916616890235418, (6, 2): 0.004833579063415527,
             (6, 7): 0.006717698223843505, (6, 8): 0.003716240972276322, (1, 9): 0.0008402841655356225,
             (1, 2): 0.0027916616890235418, (9, 1): 0.0008402841655356225, (9, 13): 0.004871470985434311,
             (9, 10): 0.0016994578329886242, (10, 9): 0.005705714225769043, (10, 12): 0.0025095331429864066,
             (10, 11): 0.0026090344155113333, (7, 6): 0.002596259117126465, (8, 6): 0, (13, 15): 0.003350440031975349,
             (13, 9): 0.004871470985434311, (13, 14): 0.002613544464111328, (13, 16): 0.002613544464111328,
             (13, 17): 0.0136566162109375, (15, 13): 0.00565946102142334, (16, 14): 0.002613544464111328,
             (16, 13): 0.002613544464111328, (14, 16): 0.002613544464111328, (14, 13): 0.0136566162109375,
             (14, 17): 0.0136566162109375, (12, 10): 0.0020216703414916992, (11, 10): 0.004229068756103516,
             (17, 13): 0.0136566162109375, (17, 14): 0.0136566162109375},
            {(5, 3): 0.009072132136977787, (3, 5): 0.009072132136977787, (3, 2): 0.005263275846379399,
             (3, 4): 0.006009057042661329, (4, 3): 0.003719806671142578, (2, 3): 0.005263275846379399,
             (2, 6): 0.002974073467399845, (2, 1): 0.007634773593109371, (6, 2): 0.004479885101318359,
             (6, 7): 0.008618043941809327, (6, 8): 0.00897600831589849, (1, 9): 0.0087519736580642,
             (1, 2): 0.007634773593109371, (9, 1): 0.0087519736580642, (9, 13): 0.005794737949075365,
             (9, 10): 0.009481310844421387, (9, 16): 0.009481310844421387, (9, 17): 0.005195498466491699,
             (13, 9): 0.0061435699462890625, (13, 15): 0.006147870346561418, (13, 14): 0.00759418256284891,
             (16, 10): 0.009481310844421387, (16, 9): 0.009481310844421387, (10, 16): 0.009481310844421387,
             (10, 9): 0.005195498466491699, (10, 17): 0.005195498466491699, (10, 12): 0.0036177774615891094,
             (10, 11): 0.006215879707088764, (7, 6): 0.005002737045288086, (8, 6): 0.005148410797119141,
             (15, 13): 0.004834890365600586, (14, 13): 0.005510807037353516, (17, 9): 0.005195498466491699,
             (17, 10): 0.005195498466491699, (12, 10): 0.006174802780151367, (11, 10): 0.005511641502380371},
            {(5, 3): 0.005110979080200195, (5, 16): 0.005110979080200195, (5, 17): 0.005830049514770508,
             (16, 3): 0.005110979080200195, (16, 5): 0.005110979080200195, (3, 16): 0.005110979080200195,
             (3, 5): 0.005830049514770508, (3, 17): 0.005830049514770508, (3, 2): 0.005470704369961183,
             (3, 4): 0.005720454962654836, (17, 5): 0.005830049514770508, (17, 3): 0.005830049514770508,
             (2, 3): 0.0055893659591674805, (2, 6): 0.004180051776434993, (2, 1): 0.003936362713270296,
             (4, 3): 0.0024971961975097656, (6, 2): 0.005129337310791016, (6, 7): 0.005921350184645294,
             (6, 8): 0.004144703147696828, (1, 2): 0.004288077354431152, (1, 9): 0.0032848944641999042,
             (9, 1): 0.0014352798461914062, (9, 13): 0.0032362558670526514, (9, 10): 0.0027461384670859103,
             (13, 9): 0.005509614944458008, (13, 15): 0.00400844933180436, (13, 14): 0.0042934645454292195,
             (10, 9): 0.0030875205993652344, (10, 12): 0.0032636045351134737, (10, 11): 0.004556289723896436,
             (7, 6): 0.0027135610580444336, (8, 6): 0.0015091896057128906, (15, 13): 0.005290031433105469,
             (14, 13): 0.006220221519470215, (12, 10): 0.00858771800994873, (11, 10): 0.00679624080657959},
            {(5, 3): 0.004280047955046924, (3, 5): 0.004280047955046924, (3, 2): 0.003723580968445614,
             (3, 4): 0.005541863248624074, (4, 3): 0.001847982406616211, (2, 3): 0.003723580968445614,
             (2, 6): 0.0041449726388315695, (2, 1): 0.004255895069371707, (6, 2): 0.005149722099304199,
             (6, 7): 0.002876656071653609, (6, 8): 0.003486242556891414, (1, 9): 0.003133026257014103,
             (1, 2): 0.004255895069371707, (9, 1): 0.003133026257014103, (9, 13): 0.004655342557858993,
             (9, 10): 0.003598343007325905, (10, 9): 0.005811214447021484, (10, 12): 0.003083312860069113,
             (10, 11): 0.004600692443945089, (7, 6): 0.0008687973022460938, (8, 6): 0.0002033710479736328,
             (13, 15): 0.0032002925872802734, (13, 16): 0.0032002925872802734, (13, 9): 0.004655342557858993,
             (13, 14): 0.0029541713823996382, (13, 17): 0.010998010635375977, (16, 15): 0.0032002925872802734,
             (16, 13): 0.0032002925872802734, (15, 16): 0.0032002925872802734, (15, 13): 0.010998010635375977,
             (15, 17): 0.010998010635375977, (14, 13): 0.0060956478118896484, (17, 13): 0.010998010635375977,
             (17, 15): 0.010998010635375977, (12, 10): 0.004212498664855957, (11, 10): 0.007003903388977051},
            {(5, 3): 0.008158570734165769, (3, 5): 0.008158570734165769, (3, 2): 0.0083085298538208,
             (3, 16): 0.0083085298538208, (3, 4): 0.007820246789869593, (3, 17): 0.007709622383117676,
             (16, 2): 0.0083085298538208, (16, 3): 0.0083085298538208, (2, 16): 0.0083085298538208,
             (2, 3): 0.007709622383117676, (2, 17): 0.007709622383117676, (2, 6): 0.00603076237000684,
             (2, 1): 0.0074561033803469835, (4, 3): 0.004507184028625488, (17, 3): 0.007709622383117676,
             (17, 2): 0.007709622383117676, (6, 2): 0, (6, 7): 0.002567375856353079, (6, 8): 0.005035709161341534,
             (1, 2): 0.00758516788482666, (1, 9): 0.005890014165197757, (9, 1): 0.002949237823486328,
             (9, 13): 0.0028068257381945283, (9, 10): 0.005255839949063992, (13, 9): 0.004166245460510254,
             (13, 15): 0.004636250668923163, (13, 14): 0.0041690641796433515, (10, 9): 0.004627227783203125,
             (10, 12): 0.006282396678986683, (10, 11): 0.007892171752004141, (7, 6): 0, (8, 6): 0,
             (15, 13): 0.005576729774475098, (14, 13): 0.00321197509765625, (12, 10): 0.0011380910873413086,
             (11, 10): 0.0028003454208374023},
            {(5, 3): 0.004947280673309102, (3, 5): 0.004947280673309102, (3, 2): 0.0066513268619773774,
             (3, 4): 0.006112458878205874, (4, 3): 0.00250244140625, (2, 3): 0.0066513268619773774,
             (2, 6): 0.00613713264465332, (2, 16): 0.00613713264465332, (2, 1): 0.005041983724752105,
             (2, 17): 0.005385637283325195, (16, 6): 0.00613713264465332, (16, 2): 0.00613713264465332,
             (6, 16): 0.00613713264465332, (6, 7): 0.004993834469555599, (6, 2): 0.005385637283325195,
             (6, 17): 0.005385637283325195, (6, 8): 0.0062253144077309445, (1, 2): 0.004402518272399902,
             (1, 9): 0.004057940883890396, (9, 1): 0.0029642581939697266, (9, 13): 0.0023584130447994187,
             (9, 10): 0.0043051564779417895, (13, 9): 0.0030025243759155273, (13, 15): 0.003675166703014453,
             (13, 14): 0.00607933803005614, (10, 9): 0.006335616111755371, (10, 12): 0.006135179856099667,
             (10, 11): 0.003727842132807895, (7, 6): 0.0034285783767700195, (17, 2): 0.005385637283325195,
             (17, 6): 0.005385637283325195, (8, 6): 0.0020284652709960938, (15, 13): 0.005230426788330078,
             (14, 13): 0.0042877197265625, (12, 10): 0.004493117332458496, (11, 10): 0.007284641265869141},
            {(5, 3): 0.0068481821562060025, (3, 5): 0.0068481821562060025, (3, 2): 0.009087177512337766,
             (3, 4): 0.009078389778622811, (4, 3): 0.0014406442642211914, (2, 3): 0.009087177512337766,
             (2, 6): 0.004579342326717456, (2, 1): 0.009634017944335938, (2, 16): 0.009634017944335938,
             (2, 17): 0.007502317428588867, (6, 2): 0.006335735321044922, (6, 7): 0.00776470698567866,
             (6, 8): 0.008352046708063159, (16, 1): 0.009634017944335938, (16, 2): 0.009634017944335938,
             (1, 16): 0.009634017944335938, (1, 9): 0.004309988830883273, (1, 2): 0.007502317428588867,
             (1, 17): 0.007502317428588867, (9, 1): 0.002515077590942383, (9, 13): 0.005004718528031847,
             (9, 10): 0.003130873293611532, (17, 2): 0.007502317428588867, (17, 1): 0.007502317428588867,
             (13, 9): 0.004456877708435059, (13, 15): 0.006895428778142873, (13, 14): 0.0026672584083491657,
             (10, 9): 0.00484466552734375, (10, 12): 0.003233207031128607, (10, 11): 0.006742942358992464,
             (7, 6): 0.0017461776733398438, (8, 6): 0.0004583597183227539, (15, 13): 0.0049512386322021484,
             (14, 13): 0.0050956010818481445, (12, 10): 0.004671573638916016, (11, 10): 0.005716681480407715},
            {(5, 3): 0.0065059661865234375, (5, 16): 0.0065059661865234375, (5, 17): 0.005903005599975586,
             (16, 3): 0.0065059661865234375, (16, 5): 0.0065059661865234375, (3, 16): 0.0065059661865234375,
             (3, 5): 0.005903005599975586, (3, 17): 0.005903005599975586, (3, 2): 0.0059803778251711895,
             (3, 4): 0.006296737631952659, (17, 5): 0.005903005599975586, (17, 3): 0.005903005599975586,
             (2, 3): 0.005277037620544434, (2, 6): 0.0036822563480976983, (2, 1): 0.0017928454792865843,
             (4, 3): 0.0034025907516479492, (6, 2): 0.003901958465576172, (6, 7): 0.0037727740906965245,
             (6, 8): 0.003556484233404948, (1, 2): 0.004277467727661133, (1, 9): 0.003236983756562376,
             (9, 1): 0.0017272233963012695, (9, 13): 0.0019839835997453145, (9, 10): 0.004307508415588369,
             (13, 9): 0.005238890647888184, (13, 15): 0.005526875448516716, (13, 14): 0.0026292287272122726,
             (10, 9): 0.005250334739685059, (10, 12): 0.005613154750605151, (10, 11): 0.0039447565397239225,
             (7, 6): 0.0011794567108154297, (8, 6): 0, (15, 13): 0.00462186336517334, (14, 13): 0.003792285919189453,
             (12, 10): 0.003925919532775879, (11, 10): 0.005857706069946289},
            {(5, 3): 0.005736194742667589, (3, 5): 0.005736194742667589, (3, 2): 0.0040308102933432274,
             (3, 4): 0.004221453444479728, (4, 3): 0.0032416582107543945, (2, 3): 0.0040308102933432274,
             (2, 6): 0.003965877073529917, (2, 1): 0.004220163188245521, (6, 2): 0.007016658782958984,
             (6, 7): 0.004399191784527953, (6, 8): 0.0065556813621501725, (1, 9): 0.004332910426245383,
             (1, 2): 0.004220163188245521, (9, 1): 0.004332910426245383, (9, 13): 0.0036374033036720268,
             (9, 10): 0.005059161226815526, (13, 9): 0.005776643753051758, (13, 15): 0.004173527315328165,
             (13, 14): 0.004648090979721088, (7, 6): 0.0032747983932495117, (8, 6): 0.001690983772277832,
             (15, 13): 0.005939364433288574, (14, 13): 0.007517099380493164, (10, 9): 0.005059161226815526,
             (10, 12): 0.0043975114822387695, (10, 16): 0.0043975114822387695, (10, 11): 0.003642305109272232,
             (10, 17): 0.011177420616149902, (16, 12): 0.0043975114822387695, (16, 10): 0.0043975114822387695,
             (12, 16): 0.0043975114822387695, (12, 10): 0.011177420616149902, (12, 17): 0.011177420616149902,
             (11, 10): 0.005359768867492676, (17, 10): 0.011177420616149902, (17, 12): 0.011177420616149902},
            {(5, 3): 0.005533697635869802, (3, 5): 0.005533697635869802, (3, 2): 0.006327033042907715,
             (3, 16): 0.006327033042907715, (3, 4): 0.007074181773156778, (3, 17): 0.006349921226501465,
             (16, 2): 0.006327033042907715, (16, 3): 0.006327033042907715, (2, 16): 0.006327033042907715,
             (2, 3): 0.006349921226501465, (2, 17): 0.006349921226501465, (2, 6): 0.0025131028761746846,
             (2, 1): 0.005780797016983134, (4, 3): 0.003033876419067383, (17, 3): 0.006349921226501465,
             (17, 2): 0.006349921226501465, (6, 2): 0.0051299333572387695, (6, 7): 0.005890394527712578,
             (6, 8): 0.0061377979815841945, (1, 2): 0.003797292709350586, (1, 9): 0.004490808264007717, (9, 1): 0,
             (9, 13): 0.005843131460626257, (9, 10): 0.005142292815169738, (13, 9): 0.004620790481567383,
             (13, 15): 0.004803052698125692, (13, 14): 0.005987078832979803, (10, 9): 0.0037134885787963867,
             (10, 12): 0.0060052962343657475, (10, 11): 0.005166456934914771, (7, 6): 0.0026856660842895508,
             (8, 6): 0.0026127099990844727, (15, 13): 0.006373882293701172, (14, 13): 0.00447392463684082,
             (12, 10): 0.005825042724609375, (11, 10): 0.00494694709777832},
            {(5, 3): 0.005023813521974244, (3, 5): 0.005023813521974244, (3, 2): 0.00594776467738133,
             (3, 4): 0.005547809023229528, (4, 3): 0, (2, 3): 0.00594776467738133, (2, 6): 0.005555625899021103,
             (2, 1): 0.007960538408175085, (6, 2): 0.009122014045715332, (6, 7): 0.0066140196485281475,
             (6, 8): 0.006552905672984419, (1, 9): 0.006248206488155637, (1, 2): 0.007960538408175085,
             (9, 1): 0.006248206488155637, (9, 13): 0.0054350073528357115, (9, 10): 0.0035253090678341844,
             (10, 9): 0.001462101936340332, (10, 12): 0.003752429476422644, (10, 11): 0.005784099640876988,
             (7, 6): 0.007002592086791992, (8, 6): 0.006317734718322754, (13, 15): 0.005197763442993164,
             (13, 16): 0.005197763442993164, (13, 9): 0.0054350073528357115, (13, 14): 0.004933644053501471,
             (13, 17): 0.011175870895385742, (16, 15): 0.005197763442993164, (16, 13): 0.005197763442993164,
             (15, 16): 0.005197763442993164, (15, 13): 0.011175870895385742, (15, 17): 0.011175870895385742,
             (14, 13): 0.006147980690002441, (17, 13): 0.011175870895385742, (17, 15): 0.011175870895385742,
             (12, 10): 0.0030059814453125, (11, 10): 0.00477445125579834},
            {(5, 3): 0.007656007232213128, (3, 5): 0.007656007232213128, (3, 2): 0.00861978530883789,
             (3, 16): 0.00861978530883789, (3, 4): 0.006552214619755243, (3, 17): 0.00646209716796875,
             (16, 2): 0.00861978530883789, (16, 3): 0.00861978530883789, (2, 16): 0.00861978530883789,
             (2, 3): 0.00646209716796875, (2, 17): 0.00646209716796875, (2, 6): 0.006066835990787722,
             (2, 1): 0.004436689141960938, (4, 3): 0.0032546520233154297, (17, 3): 0.00646209716796875,
             (17, 2): 0.00646209716796875, (6, 2): 0.006459832191467285, (6, 7): 0.0059001998060045965,
             (6, 8): 0.006753747294606217, (1, 2): 0.006937503814697266, (1, 9): 0.00615447843019511,
             (9, 1): 0.0037573575973510742, (9, 13): 0.005407917510987496, (9, 10): 0.004197378559279633,
             (13, 9): 0.004771828651428223, (13, 15): 0.002296668410357482, (13, 14): 0.003882058502522901,
             (10, 9): 0.0070858001708984375, (10, 12): 0.0034338562935665737, (10, 11): 0.007085025308187784,
             (7, 6): 0.004044532775878906, (8, 6): 0.0029338598251342773, (15, 13): 0.004068732261657715,
             (14, 13): 0.004164338111877441, (12, 10): 0.0081254243850708, (11, 10): 0.0076732635498046875},
            {(5, 3): 0.002477589505755911, (3, 5): 0.002477589505755911, (3, 2): 0.004861048836336163,
             (3, 4): 0.0004681669116617588, (4, 3): 0.0006731748580932617, (2, 3): 0.004861048836336163,
             (2, 6): 0.002901833953586998, (2, 1): 0.002960205078125, (2, 16): 0.002960205078125,
             (2, 17): 0.006565093994140625, (6, 2): 0.006938934326171875, (6, 7): 0.0034186216216922096,
             (6, 8): 0.007669015229346814, (16, 1): 0.002960205078125, (16, 2): 0.002960205078125,
             (1, 16): 0.002960205078125, (1, 9): 0.005606156551176856, (1, 2): 0.006565093994140625,
             (1, 17): 0.006565093994140625, (9, 1): 0.0003217458724975586, (9, 13): 0.0031554932410831444,
             (9, 10): 0.005346362093433531, (17, 2): 0.006565093994140625, (17, 1): 0.006565093994140625,
             (13, 9): 0.002888321876525879, (13, 15): 0.0016846662300403954, (13, 14): 0.005116171516689081,
             (10, 9): 0.005568861961364746, (10, 12): 0.006178221810026158, (10, 11): 0.0066693672813615155,
             (7, 6): 0.0026633739471435547, (8, 6): 0.00032198429107666016, (15, 13): 0.004097461700439453,
             (14, 13): 0.007331132888793945, (12, 10): 0.002148270606994629, (11, 10): 0.001390218734741211},
            {(5, 3): 0.006877160310202715, (3, 5): 0.006877160310202715, (3, 2): 0.007903332819657693,
             (3, 4): 0.0073560227331820405, (4, 3): 0.005141735076904297, (2, 3): 0.007903332819657693,
             (2, 6): 0.005061591259209078, (2, 1): 0.006466695173495617, (6, 2): 0.00771939754486084,
             (6, 7): 0.006497243247568514, (6, 8): 0.002400455417621196, (1, 9): 0.0048719900858265,
             (1, 2): 0.006466695173495617, (9, 1): 0.0048719900858265, (9, 13): 0.00811900170658075,
             (9, 10): 0.0032192877089457636, (10, 9): 0.0063811540603637695, (10, 12): 0.007622044919059077,
             (10, 11): 0.0016104284948314557, (7, 6): 0.004736781120300293, (8, 6): 0.0016431808471679688,
             (13, 15): 0.005097450938933526, (13, 9): 0.00811900170658075, (13, 14): 0.00835108757019043,
             (13, 16): 0.00835108757019043, (13, 17): 0.0057315826416015625, (15, 13): 0.0044640302658081055,
             (16, 14): 0.00835108757019043, (16, 13): 0.00835108757019043, (14, 16): 0.00835108757019043,
             (14, 13): 0.0057315826416015625, (14, 17): 0.0057315826416015625, (12, 10): 0.007822513580322266,
             (11, 10): 0.00832366943359375, (17, 13): 0.0057315826416015625, (17, 14): 0.0057315826416015625},
            {(5, 3): 0.0072118083896807825, (3, 5): 0.0072118083896807825, (3, 2): 0.00646021025166372,
             (3, 4): 0.006604352193106871, (4, 3): 0.0034677982330322266, (2, 3): 0.00646021025166372,
             (2, 6): 0.006963587180955237, (2, 1): 0.006070454517564204, (6, 2): 0.0059593915939331055,
             (6, 7): 0.005169824150561548, (6, 8): 0.006364694067235035, (1, 9): 0.00574944067073346,
             (1, 2): 0.006070454517564204, (9, 1): 0.00574944067073346, (9, 13): 0.007404126791097433,
             (9, 10): 0.006566517682558533, (13, 9): 0.006061673164367676, (13, 15): 0.006071564678805583,
             (13, 14): 0.003968590835885969, (7, 6): 0.002286553382873535, (8, 6): 0.005657553672790527,
             (15, 13): 0.0061604976654052734, (14, 13): 0.004945993423461914, (10, 9): 0.006566517682558533,
             (10, 12): 0.004136732492714688, (10, 11): 0.007686138153076172, (10, 16): 0.007686138153076172,
             (10, 17): 0.008593082427978516, (12, 10): 0.005919337272644043, (16, 11): 0.007686138153076172,
             (16, 10): 0.007686138153076172, (11, 16): 0.007686138153076172, (11, 10): 0.008593082427978516,
             (11, 17): 0.008593082427978516, (17, 10): 0.008593082427978516, (17, 11): 0.008593082427978516},
            {(5, 3): 0.008309006690979004, (5, 16): 0.008309006690979004, (5, 17): 0.008001446723937988,
             (16, 3): 0.008309006690979004, (16, 5): 0.008309006690979004, (3, 16): 0.008309006690979004,
             (3, 5): 0.008001446723937988, (3, 17): 0.008001446723937988, (3, 2): 0.004775452620490486,
             (3, 4): 0.0075829370695032474, (17, 5): 0.008001446723937988, (17, 3): 0.008001446723937988,
             (2, 3): 0.003414630889892578, (2, 6): 0.006086882103776648, (2, 1): 0.002197879013027288,
             (4, 3): 0.0028933286666870117, (6, 2): 0.0006200075149536133, (6, 7): 0.007738321688278323,
             (6, 8): 0.006318209403542364, (1, 2): 0, (1, 9): 0.007130969248396642, (9, 1): 0,
             (9, 13): 0.0066882754259353005, (9, 10): 0.004627523622690651, (13, 9): 0.005485057830810547,
             (13, 15): 0.005778588402722794, (13, 14): 0.004880712006627316, (10, 9): 0.005414605140686035,
             (10, 12): 0.007030802321803293, (10, 11): 0.007800447575272247, (7, 6): 0.001971721649169922,
             (8, 6): 0.0006844997406005859, (15, 13): 0.0053740739822387695, (14, 13): 0.005653858184814453,
             (12, 10): 0.003954172134399414, (11, 10): 0.005615115165710449},
            {(5, 3): 0.009372606080035248, (3, 5): 0.009372606080035248, (3, 2): 0.011441729919471906,
             (3, 4): 0.006387604522486786, (4, 3): 0.008882641792297363, (2, 3): 0.011441729919471906,
             (2, 6): 0.01271665096282959, (2, 16): 0.01271665096282959, (2, 1): 0.00951660157230199,
             (2, 17): 0.00898730754852295, (16, 6): 0.01271665096282959, (16, 2): 0.01271665096282959,
             (6, 16): 0.01271665096282959, (6, 7): 0.008986926168101615, (6, 2): 0.00898730754852295,
             (6, 17): 0.00898730754852295, (6, 8): 0.009020280427462236, (1, 2): 0.010934948921203613,
             (1, 9): 0.008160458276760083, (9, 1): 0.005823612213134766, (9, 13): 0.005288975504227914,
             (9, 10): 0.003606882267471581, (13, 9): 0.006954550743103027, (13, 15): 0.0084111827638957,
             (13, 14): 0.007490982426322269, (10, 9): 0.006300806999206543, (10, 12): 0.007138060053774155,
             (10, 11): 0.00427625583290962, (7, 6): 0.0015931129455566406, (17, 2): 0.00898730754852295,
             (17, 6): 0.00898730754852295, (8, 6): 0.009366393089294434, (15, 13): 0.007970094680786133,
             (14, 13): 0.008110404014587402, (12, 10): 0.006087183952331543, (11, 10): 0},
            {(5, 3): 0.0113512395281682, (3, 5): 0.0113512395281682, (3, 2): 0.0056857585192066976,
             (3, 4): 0.006924499918048637, (4, 3): 0.0018326044082641602, (2, 3): 0.0056857585192066976,
             (2, 6): 0.011608260407649998, (2, 1): 0.004993004454048796, (6, 2): 0.004482150077819824,
             (6, 7): 0.001944385520502231, (6, 8): 0.011388046239741611, (1, 9): 0.011521903891138122,
             (1, 2): 0.004993004454048796, (9, 1): 0.011521903891138122, (9, 13): 0.009318623621008569,
             (9, 10): 0.008551864341181967, (13, 9): 0.0003503561019897461, (13, 15): 0.012829277413048486,
             (13, 14): 0.008286299088823909, (7, 6): 0.0019115209579467773, (8, 6): 0.00209653377532959,
             (15, 13): 0.0012836456298828125, (14, 13): 0.0010080337524414062, (10, 9): 0.008551864341181967,
             (10, 12): 0.012936115264892578, (10, 16): 0.012936115264892578, (10, 11): 0.010047435928144494,
             (10, 17): 0.0058307647705078125, (16, 12): 0.012936115264892578, (16, 10): 0.012936115264892578,
             (12, 16): 0.012936115264892578, (12, 10): 0.0058307647705078125, (12, 17): 0.0058307647705078125,
             (11, 10): 0.0037654638290405273, (17, 10): 0.0058307647705078125, (17, 12): 0.0058307647705078125},
            {(5, 3): 0.020968409901296756, (3, 5): 0.020968409901296756, (3, 2): 0.01588337218862378,
             (3, 4): 0.007831516556480747, (4, 3): 0.009836316108703613, (2, 3): 0.01588337218862378,
             (2, 6): 0.011580804507259679, (2, 1): 0.00010419536945342878, (1, 2): 0.004515528678894043,
             (1, 9): 0.006673991986373418, (9, 1): 0.0033603906631469727, (9, 13): 0.00844605725125952,
             (9, 10): 0.02281447642688563, (13, 9): 0.005352377891540527, (13, 15): 0.023346547389510666,
             (13, 14): 0.003495011559184879, (10, 9): 0.007142901420593262, (10, 12): 0.005017137192432657,
             (10, 11): 0.008364767019184198, (6, 7): 0.008422183206278116, (6, 2): 0.011580804507259679,
             (6, 8): 0.02422964572906494, (6, 16): 0.02422964572906494, (6, 17): 0.0027643442153930664,
             (7, 6): 0.004164218902587891, (16, 8): 0.02422964572906494, (16, 6): 0.02422964572906494,
             (8, 16): 0.02422964572906494, (8, 6): 0.0027643442153930664, (8, 17): 0.0027643442153930664,
             (15, 13): 0.006343364715576172, (14, 13): 0.004999756813049316, (17, 6): 0.0027643442153930664,
             (17, 8): 0.0027643442153930664, (12, 10): 0.005339860916137695, (11, 10): 0.00811624526977539},
            {(5, 3): 0.0033424500113451144, (3, 5): 0.0033424500113451144, (3, 2): 0.0036507090024520267,
             (3, 4): 0.003285694359902327, (4, 3): 0.004398465156555176, (2, 3): 0.0036507090024520267,
             (2, 6): 0.0026095814346804172, (2, 1): 0.003545485691828286, (6, 2): 0.007753610610961914,
             (6, 7): 0.0020384974806675403, (6, 8): 0.004703100229161384, (1, 9): 0.0032514482369950617,
             (1, 2): 0.003545485691828286, (9, 1): 0.0032514482369950617, (9, 13): 0.0031468868255615234,
             (9, 16): 0.0031468868255615234, (9, 10): 0.0031445760600084995, (9, 17): 0.010235071182250977,
             (16, 13): 0.0031468868255615234, (16, 9): 0.0031468868255615234, (13, 16): 0.0031468868255615234,
             (13, 15): 0.006740685337286773, (13, 9): 0.010235071182250977, (13, 17): 0.010235071182250977,
             (13, 14): 0.0053953768886841735, (10, 9): 0.006658673286437988, (10, 12): 0.003784933415325516,
             (10, 11): 0.004629176904405848, (7, 6): 0.0024651288986206055, (8, 6): 0.0022814273834228516,
             (15, 13): 0.0070035457611083984, (17, 9): 0.010235071182250977, (17, 13): 0.010235071182250977,
             (14, 13): 0.006258487701416016, (12, 10): 0.007615566253662109, (11, 10): 0.006917834281921387},
            {(5, 3): 0.006039937207405888, (3, 5): 0.006039937207405888, (3, 2): 0.0034216419090454106,
             (3, 4): 0.0032817585847583473, (4, 3): 0.00012755393981933594, (2, 3): 0.0034216419090454106,
             (2, 6): 0.002652971399124542, (2, 1): 0.005580538278714128, (6, 2): 0.0056514739990234375,
             (6, 7): 0.007572657745797634, (6, 8): 0.007044170025096879, (1, 9): 0.006115337261977663,
             (1, 2): 0.005580538278714128, (9, 1): 0.006115337261977663, (9, 13): 0.007072198111710623,
             (9, 10): 0.007985949516296387, (9, 16): 0.007985949516296387, (9, 17): 0.006739974021911621,
             (13, 9): 0.007187247276306152, (13, 15): 0.0077476956338112125, (13, 14): 0.0067782381639134035,
             (16, 10): 0.007985949516296387, (16, 9): 0.007985949516296387, (10, 16): 0.007985949516296387,
             (10, 9): 0.006739974021911621, (10, 17): 0.006739974021911621, (10, 12): 0.0023765620922129604,
             (10, 11): 0.005836217667787827, (7, 6): 0.003210306167602539, (8, 6): 0.0010983943939208984,
             (15, 13): 0.005916714668273926, (14, 13): 0.006437182426452637, (17, 9): 0.006739974021911621,
             (17, 10): 0.006739974021911621, (12, 10): 0.005121111869812012, (11, 10): 0.0057572126388549805},
            {(5, 3): 0.007797996703656334, (3, 5): 0.007797996703656334, (3, 2): 0.007826447486877441,
             (3, 16): 0.007826447486877441, (3, 4): 0.00735722247013528, (3, 17): 0.008833765983581543,
             (16, 2): 0.007826447486877441, (16, 3): 0.007826447486877441, (2, 16): 0.007826447486877441,
             (2, 3): 0.008833765983581543, (2, 17): 0.008833765983581543, (2, 6): 0.004700157761077897,
             (2, 1): 0.0037338683243869223, (4, 3): 0.0045719146728515625, (17, 3): 0.008833765983581543,
             (17, 2): 0.008833765983581543, (6, 2): 0.005972862243652344, (6, 7): 0.007934378202998797,
             (6, 8): 0.005158620134511143, (1, 2): 0.006490826606750488, (1, 9): 0.003389263738564462,
             (9, 1): 0.001927018165588379, (9, 13): 0.007098103114160026, (9, 10): 0.0069768366076502055,
             (13, 9): 0.006124973297119141, (13, 15): 0.008806840477467402, (13, 14): 0.00845660239462465,
             (10, 9): 0.003939390182495117, (10, 12): 0.005971203753116756, (10, 11): 0.003990643694178932,
             (7, 6): 0.002712249755859375, (8, 6): 0.0013691186904907227, (15, 13): 0.006722927093505859,
             (14, 13): 0.004460453987121582, (12, 10): 0.00512385368347168, (11, 10): 0.004727959632873535},
            {(5, 3): 0.0032266228345278754, (3, 5): 0.0032266228345278754, (3, 2): 0.003452786364128317,
             (3, 4): 0.005162625713744045, (4, 3): 0.0016745328903198242, (2, 3): 0.003452786364128317,
             (2, 6): 0.002039707225505277, (2, 1): 0.004018084780125373, (6, 2): 0.006208658218383789,
             (6, 7): 0.0029696035727060158, (6, 8): 0.005793754366100506, (1, 9): 0.0023776018076778153,
             (1, 2): 0.004018084780125373, (9, 1): 0.0023776018076778153, (9, 13): 0.004307169834942479,
             (9, 10): 0.0025601724866142588, (10, 9): 0.005240082740783691, (10, 12): 0.0026452392661097746,
             (10, 11): 0.0026945769402783913, (7, 6): 0.0039147138595581055, (8, 6): 0.0026051998138427734,
             (13, 15): 0.002730457490252812, (13, 9): 0.004307169834942479, (13, 14): 0.002659320831298828,
             (13, 16): 0.002659320831298828, (13, 17): 0.007950305938720703, (15, 13): 0.003802061080932617,
             (16, 14): 0.002659320831298828, (16, 13): 0.002659320831298828, (14, 16): 0.002659320831298828,
             (14, 13): 0.007950305938720703, (14, 17): 0.007950305938720703, (12, 10): 0.005888223648071289,
             (11, 10): 0.005935192108154297, (17, 13): 0.007950305938720703, (17, 14): 0.007950305938720703},
            {(5, 3): 0.007927486382391128, (3, 5): 0.007927486382391128, (3, 2): 0.008489012718200684,
             (3, 16): 0.008489012718200684, (3, 4): 0.008416505228207466, (3, 17): 0.007831692695617676,
             (16, 2): 0.008489012718200684, (16, 3): 0.008489012718200684, (2, 16): 0.008489012718200684,
             (2, 3): 0.007831692695617676, (2, 17): 0.007831692695617676, (2, 6): 0.00580438285939672,
             (2, 1): 0.0034671277779695455, (4, 3): 0.004022359848022461, (17, 3): 0.007831692695617676,
             (17, 2): 0.007831692695617676, (6, 2): 0.009206533432006836, (6, 7): 0.004879524510481561,
             (6, 8): 0.00774881512917912, (1, 2): 0.00541079044342041, (1, 9): 0.002154980854730388,
             (9, 1): 0.0008527040481567383, (9, 13): 0.0026755583727973735, (9, 10): 0.007353815038616518,
             (13, 9): 0.005732536315917969, (13, 15): 0.003206460822761106, (13, 14): 0.0031217229859689904,
             (10, 9): 0.004923582077026367, (10, 12): 0.005015251369324017, (10, 11): 0.0074891298334355295,
             (7, 6): 0.003435492515563965, (8, 6): 0.004136800765991211, (15, 13): 0.006568431854248047,
             (14, 13): 0.005785107612609863, (12, 10): 0.005110263824462891, (11, 10): 0.0038660764694213867},
            {(5, 3): 0.004945788789379399, (3, 5): 0.004945788789379399, (3, 2): 0.004652142524719238,
             (3, 16): 0.004652142524719238, (3, 4): 0.004488623596813487, (3, 17): 0.006526350975036621,
             (16, 2): 0.004652142524719238, (16, 3): 0.004652142524719238, (2, 16): 0.004652142524719238,
             (2, 3): 0.006526350975036621, (2, 17): 0.006526350975036621, (2, 6): 0.005015310017543687,
             (2, 1): 0.005425305738123669, (4, 3): 0.0006564855575561523, (17, 3): 0.006526350975036621,
             (17, 2): 0.006526350975036621, (6, 2): 0.00428009033203125, (6, 7): 0.00484901193760765,
             (6, 8): 0.005092696530830651, (1, 2): 0.008290529251098633, (1, 9): 0.006359547376623212,
             (9, 1): 0.003684401512145996, (9, 13): 0.006221650623555897, (9, 10): 0.00369392651536433,
             (13, 9): 0.006291508674621582, (13, 15): 0.0037869206722382556, (13, 14): 0.006225643316596041,
             (10, 9): 0.005109190940856934, (10, 12): 0.004154001236224858, (10, 11): 0.0034504444046740226,
             (7, 6): 0.001772761344909668, (8, 6): 3.8743019104003906e-05, (15, 13): 0.0056095123291015625,
             (14, 13): 0.004900574684143066, (12, 10): 0.005180478096008301, (11, 10): 0.007081508636474609},
            {(5, 3): 0.005254087798299651, (3, 5): 0.005254087798299651, (3, 2): 0.00253055116448973,
             (3, 4): 0.0029535474467892457, (4, 3): 0, (2, 3): 0.00253055116448973, (2, 6): 0.005459375861804561,
             (2, 1): 0.008203119334557548, (6, 2): 0.006610512733459473, (6, 7): 0.0035003863474105585,
             (6, 8): 0.008076932885403777, (1, 9): 0.006531958913867337, (1, 2): 0.008203119334557548,
             (9, 1): 0.006531958913867337, (9, 13): 0.0029781228647833766, (9, 10): 0.009693741798400879,
             (9, 16): 0.009693741798400879, (9, 17): 0.009245038032531738, (13, 9): 0, (13, 15): 0.00825390729488987,
             (13, 14): 0.00619839318798231, (16, 10): 0.009693741798400879, (16, 9): 0.009693741798400879,
             (10, 16): 0.009693741798400879, (10, 9): 0.009245038032531738, (10, 17): 0.009245038032531738,
             (10, 12): 0.00789060073763086, (10, 11): 0.00887183517269751, (7, 6): 0.004612922668457031,
             (8, 6): 0.0008641481399536133, (15, 13): 0, (14, 13): 0, (17, 9): 0.009245038032531738,
             (17, 10): 0.009245038032531738, (12, 10): 0.0007401704788208008, (11, 10): 0.002315998077392578},
            {(5, 3): 0.008560676717962208, (3, 5): 0.008560676717962208, (3, 2): 0.007815072105525553,
             (3, 4): 0.006759361803834761, (4, 3): 0.0051648616790771484, (2, 3): 0.007815072105525553,
             (2, 6): 0.003968773912786637, (2, 1): 0.0070521099177485395, (6, 2): 0.005796074867248535,
             (6, 7): 0.005322192485851275, (6, 8): 0.005799589133004246, (1, 9): 0.004391131635896053,
             (1, 2): 0.0070521099177485395, (9, 1): 0.004391131635896053, (9, 13): 0.006431456708424909,
             (9, 10): 0.006729718229067594, (13, 9): 0.006911158561706543, (13, 15): 0.00550660863044394,
             (13, 14): 0.007063169068113905, (7, 6): 0.003672957420349121, (8, 6): 0.002104520797729492,
             (15, 13): 0.0007354021072387695, (14, 13): 0, (10, 9): 0.006729718229067594,
             (10, 12): 0.0027650788520109915, (10, 11): 0.007899761199951172, (10, 16): 0.007899761199951172,
             (10, 17): 0.008914947509765625, (12, 10): 0.004493236541748047, (16, 11): 0.007899761199951172,
             (16, 10): 0.007899761199951172, (11, 16): 0.007899761199951172, (11, 10): 0.008914947509765625,
             (11, 17): 0.008914947509765625, (17, 10): 0.008914947509765625, (17, 11): 0.008914947509765625},
            {(5, 3): 0.0068073272705078125, (5, 16): 0.0068073272705078125, (5, 17): 0.008578300476074219,
             (16, 3): 0.0068073272705078125, (16, 5): 0.0068073272705078125, (3, 16): 0.0068073272705078125,
             (3, 5): 0.008578300476074219, (3, 17): 0.008578300476074219, (3, 2): 0.007672297336830133,
             (3, 4): 0.008048710639718563, (17, 5): 0.008578300476074219, (17, 3): 0.008578300476074219,
             (2, 3): 0.007778167724609375, (2, 6): 0.00798367231714393, (2, 1): 0.008114812297532092,
             (4, 3): 0.0032749176025390625, (6, 2): 0.003985285758972168, (6, 7): 0.008007340324349903,
             (6, 8): 0.008517098144797229, (1, 2): 0.0069789886474609375, (1, 9): 0.007025919590488117,
             (9, 1): 0.004857063293457031, (9, 13): 0.00419369123826927, (9, 10): 0.002134819400298884,
             (13, 9): 0.005254507064819336, (13, 15): 0.006895480858493359, (13, 14): 0.004066969845565227,
             (10, 9): 0.005338072776794434, (10, 12): 0.003521095008191836, (10, 11): 0.007376112087645754,
             (7, 6): 0.00219118595123291, (8, 6): 0.00625765323638916, (15, 13): 0.006014108657836914,
             (14, 13): 0.0064656734466552734, (12, 10): 0.006141543388366699, (11, 10): 0.0031169652938842773},
            {(5, 3): 0.007434725761413574, (5, 16): 0.007434725761413574, (5, 17): 0.009660601615905762,
             (16, 3): 0.007434725761413574, (16, 5): 0.007434725761413574, (3, 16): 0.007434725761413574,
             (3, 5): 0.009660601615905762, (3, 17): 0.009660601615905762, (3, 2): 0.00449838868710677,
             (3, 4): 0.007874000216340047, (17, 5): 0.009660601615905762, (17, 3): 0.009660601615905762,
             (2, 3): 0.0065610408782958984, (2, 6): 0.0012143382612542666, (2, 1): 0.004092331986527385,
             (4, 3): 0.0014820098876953125, (6, 2): 0.0036635398864746094, (6, 7): 0.0038950673356838218,
             (6, 8): 0.007774542948065184, (1, 2): 0.005906343460083008, (1, 9): 0.005483440493049665,
             (9, 1): 0.003679990768432617, (9, 13): 0.0038715725153886213, (9, 10): 0.005968235948034103,
             (13, 9): 0.006209611892700195, (13, 15): 0.009156753272971555, (13, 14): 0.008257274512548759,
             (10, 9): 0.006779789924621582, (10, 12): 0.007777680934612261, (10, 11): 0.0033107887112888467,
             (7, 6): 0.0005573034286499023, (8, 6): 0.004114270210266113, (15, 13): 0.005851030349731445,
             (14, 13): 0.007325291633605957, (12, 10): 0.005807638168334961, (11, 10): 0.0078355073928833},
            {(5, 3): 0.00360108296829345, (3, 5): 0.00360108296829345, (3, 2): 0.004182904061536469,
             (3, 4): 0.004353337261721628, (4, 3): 0.0022864341735839844, (2, 3): 0.004182904061536469,
             (2, 6): 0.0012145517148637412, (2, 1): 0.0027839307815624853, (6, 2): 0.004038095474243164,
             (6, 7): 0.004076940434166312, (6, 8): 0.0036887722233836574, (1, 9): 0.0005099264894951904,
             (1, 2): 0.0027839307815624853, (9, 1): 0.0005099264894951904, (9, 13): 0.0018793352064091135,
             (9, 10): 0.0050408917209587255, (13, 9): 0.005574584007263184, (13, 15): 0.0025663680777962875,
             (13, 14): 0.003290437960836141, (7, 6): 0.0009133815765380859, (8, 6): 0.001753091812133789,
             (15, 13): 0.006027102470397949, (14, 13): 0.003728508949279785, (10, 9): 0.0050408917209587255,
             (10, 12): 0.0032923221588134766, (10, 16): 0.0032923221588134766, (10, 11): 0.002928139984949945,
             (10, 17): 0.0046253204345703125, (16, 12): 0.0032923221588134766, (16, 10): 0.0032923221588134766,
             (12, 16): 0.0032923221588134766, (12, 10): 0.0046253204345703125, (12, 17): 0.0046253204345703125,
             (11, 10): 0.005481362342834473, (17, 10): 0.0046253204345703125, (17, 12): 0.0046253204345703125},
            {(5, 3): 0.008684396743774414, (5, 16): 0.008684396743774414, (5, 17): 0.007025480270385742,
             (16, 3): 0.008684396743774414, (16, 5): 0.008684396743774414, (3, 16): 0.008684396743774414,
             (3, 5): 0.007025480270385742, (3, 17): 0.007025480270385742, (3, 2): 0.006647098332327336,
             (3, 4): 0.006461887469636053, (17, 5): 0.007025480270385742, (17, 3): 0.007025480270385742,
             (2, 3): 0.005640149116516113, (2, 6): 0.003499662717279689, (2, 1): 0.002118886696106156,
             (4, 3): 0.003311634063720703, (6, 2): 0, (6, 7): 0.0009011915473123957, (6, 8): 0.001734781194753929,
             (1, 2): 0, (1, 9): 0.006677901133920408, (9, 1): 0.00048148632049560547, (9, 13): 0.006064242404838032,
             (9, 10): 0.00258800037240984, (13, 9): 0.005091667175292969, (13, 15): 0.008064335153539427,
             (13, 14): 0.005498221233047563, (10, 9): 0.0047386884689331055, (10, 12): 0.004377874998558535,
             (10, 11): 0.006054491395394453, (7, 6): 0, (8, 6): 0, (15, 13): 0.005148649215698242,
             (14, 13): 0.010462641716003418, (12, 10): 0.00661313533782959, (11, 10): 0.005892634391784668},
            {(5, 3): 0.006249786687000761, (3, 5): 0.006249786687000761, (3, 2): 0.005782365798950195,
             (3, 16): 0.005782365798950195, (3, 4): 0.00615572395182371, (3, 17): 0.008465290069580078,
             (16, 2): 0.005782365798950195, (16, 3): 0.005782365798950195, (2, 16): 0.005782365798950195,
             (2, 3): 0.008465290069580078, (2, 17): 0.008465290069580078, (2, 6): 0.002732237717489415,
             (2, 1): 0.0073610314372522185, (4, 3): 0.004639029502868652, (17, 3): 0.008465290069580078,
             (17, 2): 0.008465290069580078, (6, 2): 0.005512595176696777, (6, 7): 0.0046854150043805,
             (6, 8): 0.007805690285693076, (1, 2): 0.006210446357727051, (1, 9): 0.008377536193583786,
             (9, 1): 0.003654956817626953, (9, 13): 0.003977201059557383, (9, 10): 0.004185966939795834,
             (13, 9): 0.005666017532348633, (13, 15): 0.008218210269001498, (13, 14): 0.0029649635260737468,
             (10, 9): 0.005287528038024902, (10, 12): 0.004117312750375016, (10, 11): 0.0026770883590656034,
             (7, 6): 0.004459381103515625, (8, 6): 0.004434466361999512, (15, 13): 0.005442380905151367,
             (14, 13): 0.0027284622192382812, (12, 10): 0.004641056060791016, (11, 10): 0.005632877349853516},
            {(5, 3): 0.0046060839279365474, (3, 5): 0.0046060839279365474, (3, 2): 0.006344889248146357,
             (3, 4): 0.005455635847796612, (4, 3): 0.0029855966567993164, (2, 3): 0.006344889248146357,
             (2, 6): 0.0047594220869397455, (2, 1): 0.003576117616823417, (1, 2): 0.006765961647033691,
             (1, 9): 0.004375595981487865, (9, 1): 0.006476759910583496, (9, 13): 0.002538923990325366,
             (9, 10): 0.002809504485297703, (13, 9): 0.006010293960571289, (13, 15): 0.004085008480093415,
             (13, 14): 0.0036995698618194958, (10, 9): 0.0046509504318237305, (10, 12): 0.003999463995797141,
             (10, 11): 0.002436670606325848, (6, 7): 0.0041152238845825195, (6, 16): 0.0041152238845825195,
             (6, 2): 0.0047594220869397455, (6, 8): 0.005237296547642775, (6, 17): 0.007686495780944824,
             (16, 7): 0.0041152238845825195, (16, 6): 0.0041152238845825195, (7, 16): 0.0041152238845825195,
             (7, 6): 0.007686495780944824, (7, 17): 0.007686495780944824, (8, 6): 0.002159595489501953,
             (17, 6): 0.007686495780944824, (17, 7): 0.007686495780944824, (15, 13): 0, (14, 13): 0.00473785400390625,
             (12, 10): 0.008686184883117676, (11, 10): 0.0057212114334106445},
            {(5, 3): 0.0042154433256717146, (3, 5): 0.0042154433256717146, (3, 2): 0.004830211660370168,
             (3, 4): 0.004066771578266252, (4, 3): 0.0015938282012939453, (2, 3): 0.004830211660370168,
             (2, 6): 0.003314967552241258, (2, 1): 0.0037158069808683526, (6, 2): 0.005234122276306152,
             (6, 7): 0.0031832257474737054, (6, 8): 0.006028393354947852, (1, 9): 0.0034024880025734557,
             (1, 2): 0.0037158069808683526, (9, 1): 0.0034024880025734557, (9, 13): 0.004291074559059237,
             (9, 10): 0.003616449942898886, (10, 9): 0.006273508071899414, (10, 12): 0.003133751170501664,
             (10, 11): 0.0037951922458136045, (7, 6): 0.0016025304794311523, (8, 6): 0.0034379959106445312,
             (13, 15): 0.0040645599365234375, (13, 16): 0.0040645599365234375, (13, 9): 0.004291074559059237,
             (13, 14): 0.004130674803065237, (13, 17): 0.008232593536376953, (16, 15): 0.0040645599365234375,
             (16, 13): 0.0040645599365234375, (15, 16): 0.0040645599365234375, (15, 13): 0.008232593536376953,
             (15, 17): 0.008232593536376953, (14, 13): 0.003264307975769043, (17, 13): 0.008232593536376953,
             (17, 15): 0.008232593536376953, (12, 10): 0.0058814287185668945, (11, 10): 0.007040143013000488}]
