[{(5, 3): 0.006526470184326172, (2, 3): 0.00345003604888916, (3, 5): 0.016802072525024414,
                               (3, 2): 0.0011161565780639648, (1, 9): 0.004202604293823242,
                               (6, 7): 0.0029592514038085938, (6, 2): 0.007352113723754883,
                               (1, 2): 0.003952741622924805, (2, 1): 4.5299530029296875e-06,
                               (2, 6): 0.003073453903198242, (7, 6): 0.003304004669189453,
                               (13, 15): 0.005944371223449707, (8, 6): 0.0024733543395996094,
                               (13, 9): 0.005273103713989258, (9, 1): 0.0029311180114746094,
                               (4, 3): 0.00844109058380127, (3, 4): 0.004601836204528809,
                               (9, 13): 0.0021233558654785156, (15, 13): 0.006414294242858887,
                               (6, 8): 0.007071495056152344, (9, 10): 0.005045175552368164,
                               (10, 12): 0.005049467086791992, (10, 11): 0.0056591033935546875,
                               (10, 9): 0.0070078372955322266, (14, 13): 0.008252382278442383,
                               (11, 10): 0.0064890384674072266},
                              {(5, 3): 0.004896283149719238, (2, 3): 0.0024383068084716797,
                               (3, 5): 0.004659533500671387, (3, 2): 0.0027043819427490234,
                               (1, 9): 0.0005015134811401367, (6, 7): 0.00696563720703125, (6, 2): 0.002875208854675293,
                               (1, 2): 0.004837989807128906, (2, 1): 0.00024271011352539062, (2, 6): 0,
                               (7, 6): 0.003235340118408203, (13, 15): 0.0036988258361816406,
                               (8, 6): 0.00409090518951416, (13, 9): 0.008625984191894531, (9, 1): 0.005381464958190918,
                               (4, 3): 0.002898573875427246, (3, 4): 0.007111907005310059,
                               (9, 13): 0.0061032772064208984, (15, 13): 0.0022547245025634766,
                               (6, 8): 0.008662581443786621, (9, 10): 0.007444024085998535,
                               (10, 12): 0.002772808074951172, (10, 11): 0.003731846809387207,
                               (10, 9): 0.0011595487594604492, (14, 13): 0.007058978080749512,
                               (11, 10): 0.0014151334762573242, (12, 10): 0.006679534912109375,
                               (13, 14): 0.0034388303756713867},
                              {(5, 3): 0.00555109977722168, (2, 3): 0.007167935371398926, (3, 5): 0.0038454532623291016,
                               (3, 2): 0.004308819770812988, (1, 9): 0.0018727779388427734,
                               (6, 7): 0.004740118980407715, (6, 2): 0.005703568458557129, (1, 2): 0.005486965179443359,
                               (2, 1): 0.0018591880798339844, (2, 6): 0.002689957618713379,
                               (7, 6): 0.002697587013244629, (13, 15): 0.0031903982162475586,
                               (8, 6): 0.007765769958496094, (13, 9): 0.00474095344543457,
                               (9, 1): 0.0030663013458251953, (4, 3): 0.001732945442199707,
                               (3, 4): 0.004356741905212402, (9, 13): 0.0017828941345214844,
                               (15, 13): 0.004950404167175293, (6, 8): 0.012430667877197266,
                               (9, 10): 0.006028175354003906, (10, 12): 0.0022401809692382812,
                               (10, 11): 0.001581430435180664, (10, 9): 0.00531458854675293,
                               (14, 13): 0.004373788833618164, (11, 10): 0.00664210319519043,
                               (12, 10): 0.004864931106567383, (13, 14): 0.002222776412963867},
                              {(5, 3): 0.005063772201538086, (2, 3): 0.006781339645385742, (3, 5): 0.003729104995727539,
                               (3, 2): 0.0017964839935302734, (1, 9): 0.004413962364196777,
                               (6, 7): 0.0049359798431396484, (6, 2): 0.004250168800354004,
                               (1, 2): 0.003529667854309082, (2, 1): 0.0022543668746948242,
                               (2, 6): 0.0007902383804321289, (7, 6): 0.0007505416870117188,
                               (13, 15): 0.0026726722717285156, (8, 6): 0.0008102655410766602,
                               (13, 9): 0.005012035369873047, (9, 1): 0.002850651741027832,
                               (4, 3): 0.0016677379608154297, (3, 4): 0.006035327911376953,
                               (9, 13): 0.0017957687377929688, (15, 13): 0.00644373893737793,
                               (6, 8): 0.005935311317443848, (9, 10): 0.0035768747329711914,
                               (10, 12): 0.004468321800231934, (10, 11): 0.007474064826965332,
                               (10, 9): 0.011470913887023926, (14, 13): 0.007248520851135254,
                               (11, 10): 0.005809426307678223, (12, 10): 0.005031704902648926,
                               (13, 14): 0.001597285270690918},
                              {(5, 3): 0.005710482597351074, (2, 3): 0.006261348724365234,
                               (3, 5): 0.0061043500900268555, (3, 2): 0.006574392318725586,
                               (1, 9): 0.0005396604537963867, (6, 7): 0.004642128944396973,
                               (6, 2): 0.005150794982910156, (1, 2): 0.004644274711608887, (2, 1): 0,
                               (2, 6): 0.006487131118774414, (7, 6): 0.004384160041809082,
                               (13, 15): 0.007173418998718262, (8, 6): 0.0010936260223388672,
                               (13, 9): 0.0062258243560791016, (9, 1): 0.003323197364807129,
                               (4, 3): 0.0007299184799194336, (3, 4): 0.004384875297546387,
                               (9, 13): 0.003026247024536133, (15, 13): 0.004175782203674316,
                               (6, 8): 0.004695892333984375, (9, 10): 0.0023512840270996094,
                               (10, 12): 0.0021200180053710938, (10, 11): 0.0066214799880981445,
                               (10, 9): 0.004561185836791992, (14, 13): 0.005116105079650879,
                               (11, 10): 0.006532073020935059, (12, 10): 0.006586551666259766,
                               (13, 14): 0.003466010093688965},
                              {(5, 3): 0.0033375024795532227, (2, 3): 0.00623774528503418, (3, 5): 0.006571412086486816,
                               (3, 2): 0.006228446960449219, (1, 9): 0.005373358726501465, (6, 7): 0.00568079948425293,
                               (6, 2): 0.004477500915527344, (1, 2): 0.0026956796646118164,
                               (2, 1): 0.000586390495300293, (2, 6): 0.002010345458984375, (7, 6): 0.005919694900512695,
                               (13, 15): 0.0012269020080566406, (8, 6): 0.0011017322540283203,
                               (13, 9): 0.004017353057861328, (9, 1): 0.003202080726623535,
                               (4, 3): 0.0029762983322143555, (3, 4): 0.005882382392883301,
                               (9, 13): 0.003989696502685547, (15, 13): 0.0038995742797851562,
                               (6, 8): 0.002279043197631836, (9, 10): 0.0024988651275634766,
                               (10, 12): 0.0021179914474487305, (10, 11): 0.0027430057525634766,
                               (10, 9): 0.006883382797241211, (14, 13): 0.004974484443664551,
                               (11, 10): 0.014082908630371094, (12, 10): 0.004351258277893066,
                               (13, 14): 0.0030285120010375977},
                              {(5, 3): 0.0013974905014038086, (2, 3): 0.009730696678161621,
                               (3, 5): 0.006730914115905762, (3, 2): 0.0014668703079223633,
                               (1, 9): 0.003086090087890625, (6, 7): 0.008536696434020996, (6, 2): 0.004833579063415527,
                               (1, 2): 0.004244685173034668, (2, 1): 0.0009237527847290039,
                               (2, 6): 0.0010780096054077148, (7, 6): 0.002596259117126465,
                               (13, 15): 0.003578782081604004, (8, 6): 0, (13, 9): 0.0059778690338134766,
                               (9, 1): 0.0001652240753173828, (4, 3): 0.004679322242736816,
                               (3, 4): 0.007258057594299316, (9, 13): 0.0022382736206054688,
                               (15, 13): 0.00565946102142334, (6, 8): 0.004994988441467285,
                               (9, 10): 0.001513838768005371, (10, 12): 0.0024651288986206055,
                               (10, 11): 0.0024034976959228516, (10, 9): 0.005705714225769043,
                               (14, 13): 0.0136566162109375, (11, 10): 0.004229068756103516,
                               (12, 10): 0.0020216703414916992, (13, 14): 0.002613544464111328},
                              {(5, 3): 0.005083680152893066, (2, 3): 0.00518035888671875, (3, 5): 0.005746245384216309,
                               (3, 2): 0.0019664764404296875, (1, 9): 0.0046710968017578125,
                               (6, 7): 0.004879474639892578, (6, 2): 0.004479885101318359, (1, 2): 0.007598996162414551,
                               (2, 1): 0.0017861127853393555, (2, 6): 0.0008826255798339844,
                               (7, 6): 0.005002737045288086, (13, 15): 0.004683971405029297,
                               (8, 6): 0.005148410797119141, (13, 9): 0.0061435699462890625,
                               (9, 1): 0.004627227783203125, (4, 3): 0.003719806671142578, (3, 4): 0.005948305130004883,
                               (9, 13): 0.0035805702209472656, (15, 13): 0.004834890365600586,
                               (6, 8): 0.007933616638183594, (9, 10): 0.009481310844421387,
                               (10, 12): 0.003191709518432617, (10, 11): 0.0062264204025268555,
                               (10, 9): 0.005195498466491699, (14, 13): 0.005510807037353516,
                               (11, 10): 0.005511641502380371, (12, 10): 0.006174802780151367,
                               (13, 14): 0.002687692642211914},
                              {(5, 3): 0.005110979080200195, (2, 3): 0.0055893659591674805,
                               (3, 5): 0.005830049514770508, (3, 2): 0.00496828556060791, (1, 9): 0.0024225711822509766,
                               (6, 7): 0.005967974662780762, (6, 2): 0.005129337310791016, (1, 2): 0.004288077354431152,
                               (2, 1): 0.0013197660446166992, (2, 6): 0.0008256435394287109,
                               (7, 6): 0.0027135610580444336, (13, 15): 0.0024399757385253906,
                               (8, 6): 0.0015091896057128906, (13, 9): 0.005509614944458008,
                               (9, 1): 0.0014352798461914062, (4, 3): 0.0024971961975097656,
                               (3, 4): 0.005602121353149414, (9, 13): 0.0004222393035888672,
                               (15, 13): 0.005290031433105469, (6, 8): 0.0035457611083984375,
                               (9, 10): 0.0003943443298339844, (10, 12): 5.1856040954589844e-05,
                               (10, 11): 0.0025349855422973633, (10, 9): 0.0030875205993652344,
                               (14, 13): 0.006220221519470215, (11, 10): 0.00679624080657959,
                               (12, 10): 0.00858771800994873, (13, 14): 0.0029059648513793945},
                              {(5, 3): 0, (2, 3): 0.0061647891998291016, (3, 5): 0.006975293159484863,
                               (3, 2): 0.0024552345275878906, (1, 9): 0.004410505294799805,
                               (6, 7): 0.002573728561401367, (6, 2): 0.005149722099304199, (1, 2): 0.006591677665710449,
                               (2, 1): 0.0038672685623168945, (2, 6): 0.00715482234954834,
                               (7, 6): 0.0008687973022460938, (13, 15): 0.0032002925872802734,
                               (8, 6): 0.0002033710479736328, (13, 9): 0.005835533142089844,
                               (9, 1): 0.0029289722442626953, (4, 3): 0.001847982406616211,
                               (3, 4): 0.005867481231689453, (9, 13): 0.002958536148071289,
                               (15, 13): 0.010998010635375977, (6, 8): 0.004047870635986328,
                               (9, 10): 0.005301475524902344, (10, 12): 0.003005385398864746,
                               (10, 11): 0.0068558454513549805, (10, 9): 0.005811214447021484,
                               (14, 13): 0.0060956478118896484, (11, 10): 0.007003903388977051,
                               (12, 10): 0.004212498664855957, (13, 14): 0.002686738967895508},
                              {(5, 3): 0.0038918256759643555, (2, 3): 0.007709622383117676,
                               (3, 5): 0.007252812385559082, (3, 2): 0.0083085298538208, (1, 9): 0.004594326019287109,
                               (6, 7): 0, (6, 2): 0, (1, 2): 0.00758516788482666, (2, 1): 0.0038346052169799805,
                               (2, 6): 0, (7, 6): 0, (13, 15): 0.004186749458312988, (8, 6): 0,
                               (13, 9): 0.004166245460510254, (9, 1): 0.002949237823486328,
                               (4, 3): 0.004507184028625488, (3, 4): 0.007381558418273926,
                               (9, 13): 0.0005630254745483398, (15, 13): 0.005576729774475098,
                               (6, 8): 0.004194498062133789, (9, 10): 0.0010118484497070312,
                               (10, 12): 0.0021458864212036133, (10, 11): 0.00843656063079834,
                               (10, 9): 0.004627227783203125, (14, 13): 0.00321197509765625,
                               (11, 10): 0.0028003454208374023, (12, 10): 0.0011380910873413086,
                               (13, 14): 0.002802133560180664},
                              {(5, 3): 0.0030058622360229492, (2, 3): 0.007538557052612305,
                               (3, 5): 0.004942059516906738, (3, 2): 0.0034143924713134766,
                               (1, 9): 0.0033299922943115234, (6, 7): 0.004888653755187988,
                               (6, 2): 0.005385637283325195, (1, 2): 0.004402518272399902, (2, 1): 0.00222170352935791,
                               (2, 6): 0.00613713264465332, (7, 6): 0.0034285783767700195,
                               (13, 15): 0.0013241767883300781, (8, 6): 0.0020284652709960938,
                               (13, 9): 0.0030025243759155273, (9, 1): 0.0029642581939697266, (4, 3): 0.00250244140625,
                               (3, 4): 0.006067037582397461, (9, 13): 0.000603795051574707,
                               (15, 13): 0.005230426788330078, (6, 8): 0.008617162704467773,
                               (9, 10): 0.0009158849716186523, (10, 12): 0.006103157997131348,
                               (10, 11): 0.0016930103302001953, (10, 9): 0.006335616111755371,
                               (14, 13): 0.0042877197265625, (11, 10): 0.007284641265869141,
                               (12, 10): 0.004493117332458496, (13, 14): 0.003380298614501953},
                              {(5, 3): 0.0058383941650390625, (2, 3): 0.007260680198669434,
                               (3, 5): 0.003335237503051758, (3, 2): 0.007508397102355957, (1, 9): 0.003351449966430664,
                               (6, 7): 0.004518747329711914, (6, 2): 0.006335735321044922, (1, 2): 0.007502317428588867,
                               (2, 1): 0.009634017944335938, (2, 6): 0.0043108463287353516,
                               (7, 6): 0.0017461776733398438, (13, 15): 0.003004789352416992,
                               (8, 6): 0.0004583597183227539, (13, 9): 0.004456877708435059,
                               (9, 1): 0.002515077590942383, (4, 3): 0.0014406442642211914,
                               (3, 4): 0.0054215192794799805, (9, 13): 0.001074671745300293,
                               (15, 13): 0.0049512386322021484, (6, 8): 0.007745146751403809,
                               (9, 10): 0.0016481876373291016, (10, 12): 0.002805471420288086,
                               (10, 11): 0.003107905387878418, (10, 9): 0.00484466552734375,
                               (14, 13): 0.0050956010818481445, (11, 10): 0.005716681480407715,
                               (12, 10): 0.004671573638916016, (13, 14): 0.0011633634567260742},
                              {(5, 3): 0.0065059661865234375, (2, 3): 0.005277037620544434,
                               (3, 5): 0.005903005599975586, (3, 2): 0.007028698921203613, (1, 9): 0.002884507179260254,
                               (6, 7): 0.0028657913208007812, (6, 2): 0.003901958465576172,
                               (1, 2): 0.004277467727661133, (2, 1): 0.0013175010681152344,
                               (2, 6): 0.00012111663818359375, (7, 6): 0.0011794567108154297,
                               (13, 15): 0.001520991325378418, (8, 6): 0, (13, 9): 0.005238890647888184,
                               (9, 1): 0.0017272233963012695, (4, 3): 0.0034025907516479492,
                               (3, 4): 0.0063582658767700195, (9, 13): 0.0005260705947875977,
                               (15, 13): 0.00462186336517334, (6, 8): 0.002932906150817871,
                               (9, 10): 0.000742793083190918, (10, 12): 0, (10, 11): 0.0031213760375976562,
                               (10, 9): 0.005250334739685059, (14, 13): 0.003792285919189453,
                               (11, 10): 0.005857706069946289, (12, 10): 0.003925919532775879,
                               (13, 14): 0.0016353130340576172},
                              {(5, 3): 0.000956416130065918, (2, 3): 0.003973245620727539, (3, 5): 0.006352543830871582,
                               (3, 2): 0.00013685226440429688, (1, 9): 0.005796074867248535,
                               (6, 7): 0.005272984504699707, (6, 2): 0.007016658782958984,
                               (1, 2): 0.0026824474334716797, (2, 1): 0.0025415420532226562,
                               (2, 6): 0.0026443004608154297, (7, 6): 0.0032747983932495117,
                               (13, 15): 0.0029488801956176758, (8, 6): 0.001690983772277832,
                               (13, 9): 0.005776643753051758, (9, 1): 0.0042754411697387695,
                               (4, 3): 0.0032416582107543945, (3, 4): 0.0038536787033081055,
                               (9, 13): 0.0034322738647460938, (15, 13): 0.005939364433288574,
                               (6, 8): 0.0069915056228637695, (9, 10): 0.002131938934326172,
                               (10, 12): 0.0043975114822387695, (10, 11): 0.0020717382431030273,
                               (10, 9): 0.007266521453857422, (14, 13): 0.007517099380493164,
                               (11, 10): 0.005359768867492676, (12, 10): 0.011177420616149902,
                               (13, 14): 0.004908323287963867},
                              {(5, 3): 0.0015821456909179688, (2, 3): 0.006349921226501465,
                               (3, 5): 0.005052804946899414, (3, 2): 0.006327033042907715,
                               (1, 9): 0.0005891323089599609, (6, 7): 0.004780173301696777,
                               (6, 2): 0.0051299333572387695, (1, 2): 0.003797292709350586, (2, 1): 0.00506591796875,
                               (2, 6): 0.0020014047622680664, (7, 6): 0.0026856660842895508,
                               (13, 15): 0.0037996768951416016, (8, 6): 0.0026127099990844727,
                               (13, 9): 0.004620790481567383, (9, 1): 0, (4, 3): 0.003033876419067383,
                               (3, 4): 0.007676601409912109, (9, 13): 0.0019271373748779297,
                               (15, 13): 0.006373882293701172, (6, 8): 0.005554318428039551, (9, 10): 0,
                               (10, 12): 0.0028448104858398438, (10, 11): 0.004109859466552734,
                               (10, 9): 0.0037134885787963867, (14, 13): 0.00447392463684082,
                               (11, 10): 0.00494694709777832, (12, 10): 0.005825042724609375,
                               (13, 14): 0.005918979644775391},
                              {(5, 3): 0.007174253463745117, (2, 3): 0.005982756614685059, (3, 5): 0.004233837127685547,
                               (3, 2): 0.005208134651184082, (1, 9): 0.003864288330078125, (6, 7): 0.00802922248840332,
                               (6, 2): 0.009122014045715332, (1, 2): 0.008224248886108398, (2, 1): 0.003237485885620117,
                               (2, 6): 0.005653023719787598, (7, 6): 0.007002592086791992,
                               (13, 15): 0.005197763442993164, (8, 6): 0.006317734718322754,
                               (13, 9): 0.00590968132019043, (9, 1): 0.009124755859375, (4, 3): 0,
                               (3, 4): 0.005797863006591797, (9, 13): 0.002992391586303711,
                               (15, 13): 0.011175870895385742, (6, 8): 0.0100022554397583,
                               (9, 10): 0.0029903650283813477, (10, 12): 0.001252889633178711,
                               (10, 11): 0.006142735481262207, (10, 9): 0.001462101936340332,
                               (14, 13): 0.006147980690002441, (11, 10): 0.00477445125579834,
                               (12, 10): 0.0030059814453125, (13, 14): 0.003991961479187012},
                              {(5, 3): 0.0041103363037109375, (2, 3): 0.00646209716796875,
                               (3, 5): 0.0033562183380126953, (3, 2): 0.00861978530883789, (1, 9): 0.005128741264343262,
                               (6, 7): 0.004566669464111328, (6, 2): 0.006459832191467285, (1, 2): 0.006937503814697266,
                               (2, 1): 0.002181529998779297, (2, 6): 0.0039681196212768555,
                               (7, 6): 0.004044532775878906, (13, 15): 0.002054572105407715,
                               (8, 6): 0.0029338598251342773, (13, 9): 0.004771828651428223,
                               (9, 1): 0.0037573575973510742, (4, 3): 0.0032546520233154297,
                               (3, 4): 0.005683183670043945, (9, 13): 0.0018988847732543945,
                               (15, 13): 0.004068732261657715, (6, 8): 0.007722735404968262,
                               (9, 10): 0.0032892227172851562, (10, 12): 0.0030270814895629883,
                               (10, 11): 0.007315635681152344, (10, 9): 0.0070858001708984375,
                               (14, 13): 0.004164338111877441, (11, 10): 0.0076732635498046875,
                               (12, 10): 0.0081254243850708, (13, 14): 0.0003999471664428711},
                              {(5, 3): 0.006513237953186035, (2, 3): 0.004922389984130859,
                               (3, 5): 0.0011659860610961914, (3, 2): 0, (1, 9): 0.004302620887756348,
                               (6, 7): 0.006447792053222656, (6, 2): 0.006938934326171875, (1, 2): 0.006565093994140625,
                               (2, 1): 0.002960205078125, (2, 6): 0.0021491050720214844, (7, 6): 0.0026633739471435547,
                               (13, 15): 0.0011610984802246094, (8, 6): 0.00032198429107666016,
                               (13, 9): 0.002888321876525879, (9, 1): 0.0003217458724975586,
                               (4, 3): 0.0006731748580932617, (3, 4): 0.00021088123321533203,
                               (9, 13): 0.002682805061340332, (15, 13): 0.004097461700439453,
                               (6, 8): 0.007961630821228027, (9, 10): 0, (10, 12): 0.005272984504699707,
                               (10, 11): 0.006878852844238281, (10, 9): 0.005568861961364746,
                               (14, 13): 0.007331132888793945, (11, 10): 0.001390218734741211,
                               (12, 10): 0.002148270606994629, (13, 14): 0.002131938934326172},
                              {(5, 3): 0.007292270660400391, (2, 3): 0.0064438581466674805,
                               (3, 5): 0.006098508834838867, (3, 2): 0.005123019218444824,
                               (1, 9): 0.0048122406005859375, (6, 7): 0.006326079368591309, (6, 2): 0.00771939754486084,
                               (1, 2): 0.005985617637634277, (2, 1): 0.00302731990814209, (2, 6): 0.003413081169128418,
                               (7, 6): 0.004736781120300293, (13, 15): 0.0029751062393188477,
                               (8, 6): 0.0016431808471679688, (13, 9): 0.005978584289550781,
                               (9, 1): 0.004056692123413086, (4, 3): 0.005141735076904297, (3, 4): 0.007018327713012695,
                               (9, 13): 0.0022695064544677734, (15, 13): 0.0044640302658081055, (6, 8): 0,
                               (9, 10): 0.0031734704971313477, (10, 12): 0.005959510803222656,
                               (10, 11): 0.0015540122985839844, (10, 9): 0.0063811540603637695,
                               (14, 13): 0.0057315826416015625, (11, 10): 0.00832366943359375,
                               (12, 10): 0.007822513580322266, (13, 14): 0.00835108757019043},
                              {(5, 3): 0.005540132522583008, (2, 3): 0.005810260772705078, (3, 5): 0.007185935974121094,
                               (3, 2): 0.0041429996490478516, (1, 9): 0.005791306495666504,
                               (6, 7): 0.003919720649719238, (6, 2): 0.0059593915939331055,
                               (1, 2): 0.005851626396179199, (2, 1): 0.0035642385482788086,
                               (2, 6): 0.0018509626388549805, (7, 6): 0.002286553382873535,
                               (13, 15): 0.0032083988189697266, (8, 6): 0.005657553672790527,
                               (13, 9): 0.006061673164367676, (9, 1): 0.004346966743469238,
                               (4, 3): 0.0034677982330322266, (3, 4): 0.0065419673919677734,
                               (9, 13): 0.006272673606872559, (15, 13): 0.0061604976654052734,
                               (6, 8): 0.006045699119567871, (9, 10): 0.003474116325378418,
                               (10, 12): 0.0036355257034301758, (10, 11): 0.007686138153076172,
                               (10, 9): 0.006006360054016113, (14, 13): 0.004945993423461914,
                               (11, 10): 0.008593082427978516, (12, 10): 0.005919337272644043,
                               (13, 14): 0.002814769744873047},
                              {(5, 3): 0.008309006690979004, (2, 3): 0.003414630889892578, (3, 5): 0.008001446723937988,
                               (3, 2): 0.0010313987731933594, (1, 9): 0.001868605613708496,
                               (6, 7): 0.003026247024536133, (6, 2): 0.0006200075149536133, (1, 2): 0, (2, 1): 0,
                               (2, 6): 0, (7, 6): 0.001971721649169922, (13, 15): 0.0023196935653686523,
                               (8, 6): 0.0006844997406005859, (13, 9): 0.005485057830810547, (9, 1): 0,
                               (4, 3): 0.0028933286666870117, (3, 4): 0.00556027889251709,
                               (9, 13): 0.001642465591430664, (15, 13): 0.0053740739822387695,
                               (6, 8): 0.00520014762878418, (9, 10): 0.00417482852935791,
                               (10, 12): 0.0015368461608886719, (10, 11): 0.001915574073791504,
                               (10, 9): 0.005414605140686035, (14, 13): 0.005653858184814453,
                               (11, 10): 0.005615115165710449, (12, 10): 0.003954172134399414,
                               (13, 14): 0.003041982650756836},
                              {(5, 3): 0.006233096122741699, (2, 3): 0.007098078727722168, (3, 5): 0,
                               (3, 2): 0.003058791160583496, (1, 9): 0.006455898284912109,
                               (6, 7): 0.0060062408447265625, (6, 2): 0.00898730754852295, (1, 2): 0.010934948921203613,
                               (2, 1): 0.007222771644592285, (2, 6): 0.01271665096282959, (7, 6): 0.0015931129455566406,
                               (13, 15): 0.0050199031829833984, (8, 6): 0.009366393089294434,
                               (13, 9): 0.006954550743103027, (9, 1): 0.005823612213134766,
                               (4, 3): 0.008882641792297363, (3, 4): 0.005887150764465332,
                               (9, 13): 0.005222678184509277, (15, 13): 0.007970094680786133,
                               (6, 8): 0.009233355522155762, (9, 10): 0.0023990869522094727,
                               (10, 12): 0.003971695899963379, (10, 11): 0.0026110410690307617,
                               (10, 9): 0.006300806999206543, (14, 13): 0.008110404014587402, (11, 10): 0,
                               (12, 10): 0.006087183952331543, (13, 14): 0.005629420280456543},
                              {(5, 3): 0.0010520219802856445, (2, 3): 0.0010761022567749023,
                               (3, 5): 0.005730032920837402, (3, 2): 0.01151740550994873, (1, 9): 0.005401134490966797,
                               (6, 7): 0.0009599924087524414, (6, 2): 0.004482150077819824,
                               (1, 2): 0.0015368461608886719, (2, 1): 0.0010101795196533203, (2, 6): 0,
                               (7, 6): 0.0019115209579467773, (13, 15): 0.0013315677642822266,
                               (8, 6): 0.00209653377532959, (13, 9): 0.0003503561019897461,
                               (9, 1): 0.007504940032958984, (4, 3): 0.0018326044082641602,
                               (3, 4): 0.0021561384201049805, (9, 13): 0.0018666982650756836,
                               (15, 13): 0.0012836456298828125, (6, 8): 0.0077484846115112305,
                               (9, 10): 0.0018153190612792969, (10, 12): 0.012936115264892578,
                               (10, 11): 0.007739901542663574, (10, 9): 0.002821683883666992,
                               (14, 13): 0.0010080337524414062, (11, 10): 0.0037654638290405273,
                               (12, 10): 0.0058307647705078125, (13, 14): 0},
                              {(5, 3): 0.006469607353210449, (2, 3): 0.004017353057861328, (3, 5): 0.006289839744567871,
                               (3, 2): 0.0026140213012695312, (1, 9): 0.005510687828063965,
                               (6, 7): 0.003087282180786133, (6, 2): 0.005093574523925781, (1, 2): 0.004515528678894043,
                               (2, 1): 0, (2, 6): 0.000537872314453125, (7, 6): 0.004164218902587891,
                               (13, 15): 0.0022749900817871094, (8, 6): 0.0027643442153930664,
                               (13, 9): 0.005352377891540527, (9, 1): 0.0033603906631469727,
                               (4, 3): 0.009836316108703613, (3, 4): 0.007465481758117676,
                               (9, 13): 0.0025914907455444336, (15, 13): 0.006343364715576172,
                               (6, 8): 0.02422964572906494, (9, 10): 0.0023981332778930664,
                               (10, 12): 0.0010058879852294922, (10, 11): 0.0021669864654541016,
                               (10, 9): 0.007142901420593262, (14, 13): 0.004999756813049316,
                               (11, 10): 0.00811624526977539, (12, 10): 0.005339860916137695,
                               (13, 14): 0.0014973878860473633},
                              {(5, 3): 0.005197763442993164, (2, 3): 0.006840109825134277,
                               (3, 5): 0.0050923824310302734, (3, 2): 0.0025626420974731445,
                               (1, 9): 0.005843997001647949, (6, 7): 0.0019904375076293945,
                               (6, 2): 0.007753610610961914, (1, 2): 0.006777048110961914, (2, 1): 0,
                               (2, 6): 0.0025615692138671875, (7, 6): 0.0024651288986206055,
                               (13, 15): 0.004684925079345703, (8, 6): 0.0022814273834228516,
                               (13, 9): 0.010235071182250977, (9, 1): 0.0032960176467895508,
                               (4, 3): 0.004398465156555176, (3, 4): 0.004023194313049316,
                               (9, 13): 0.0031468868255615234, (15, 13): 0.0070035457611083984,
                               (6, 8): 0.006804466247558594, (9, 10): 0.0030339956283569336,
                               (10, 12): 0.0045623779296875, (10, 11): 0.005007624626159668,
                               (10, 9): 0.006658673286437988, (14, 13): 0.006258487701416016,
                               (11, 10): 0.006917834281921387, (12, 10): 0.007615566253662109,
                               (13, 14): 0.00401759147644043},
                              {(5, 3): 0.0034862756729125977, (2, 3): 0.0031037330627441406,
                               (3, 5): 0.0046836137771606445, (3, 2): 0, (1, 9): 0.00721585750579834,
                               (6, 7): 0.004923582077026367, (6, 2): 0.0056514739990234375,
                               (1, 2): 0.004216313362121582, (2, 1): 0.0002371072769165039,
                               (2, 6): 0.0012781620025634766, (7, 6): 0.003210306167602539,
                               (13, 15): 0.0033789873123168945, (8, 6): 0.0010983943939208984,
                               (13, 9): 0.007187247276306152, (9, 1): 0.003331780433654785,
                               (4, 3): 0.00012755393981933594, (3, 4): 0.0028378963470458984,
                               (9, 13): 0.005406498908996582, (15, 13): 0.005916714668273926,
                               (6, 8): 0.00139617919921875, (9, 10): 0.007985949516296387,
                               (10, 12): 0.0021845102310180664, (10, 11): 0.00548398494720459,
                               (10, 9): 0.006739974021911621, (14, 13): 0.006437182426452637,
                               (11, 10): 0.0057572126388549805, (12, 10): 0.005121111869812012,
                               (13, 14): 0.004844307899475098},
                              {(5, 3): 0.003240227699279785, (2, 3): 0.008833765983581543, (3, 5): 0.007760167121887207,
                               (3, 2): 0.007826447486877441, (1, 9): 0.003241896629333496,
                               (6, 7): 0.0033998489379882812, (6, 2): 0.005972862243652344,
                               (1, 2): 0.006490826606750488, (2, 1): 0.003125309944152832,
                               (2, 6): 0.0027763843536376953, (7, 6): 0.002712249755859375,
                               (13, 15): 0.005153656005859375, (8, 6): 0.0013691186904907227,
                               (13, 9): 0.006124973297119141, (9, 1): 0.001927018165588379,
                               (4, 3): 0.0045719146728515625, (3, 4): 0.007337331771850586,
                               (9, 13): 0.007070064544677734, (15, 13): 0.006722927093505859,
                               (6, 8): 0.004559159278869629, (9, 10): 0.0009284019470214844,
                               (10, 12): 0.003005504608154297, (10, 11): 0.001705765724182129,
                               (10, 9): 0.003939390182495117, (14, 13): 0.004460453987121582,
                               (11, 10): 0.004727959632873535, (12, 10): 0.00512385368347168,
                               (13, 14): 0.0039044618606567383},
                              {(5, 3): 0.0053484439849853516, (2, 3): 0.007013559341430664,
                               (3, 5): 0.005209684371948242, (3, 2): 0.0022754669189453125, (1, 9): 0.00432431697845459,
                               (6, 7): 0.0031374692916870117, (6, 2): 0.006208658218383789,
                               (1, 2): 0.006433844566345215, (2, 1): 0.0030328035354614258,
                               (2, 6): 0.0016858577728271484, (7, 6): 0.0039147138595581055,
                               (13, 15): 0.003212451934814453, (8, 6): 0.0026051998138427734,
                               (13, 9): 0.0047380924224853516, (9, 1): 0.002275824546813965,
                               (4, 3): 0.0016745328903198242, (3, 4): 0.005706429481506348,
                               (9, 13): 0.0025174617767333984, (15, 13): 0.003802061080932617,
                               (6, 8): 0.00594782829284668, (9, 10): 0.0007623434066772461,
                               (10, 12): 0.0026397705078125, (10, 11): 0.0027086734771728516,
                               (10, 9): 0.005240082740783691, (14, 13): 0.007950305938720703,
                               (11, 10): 0.005935192108154297, (12, 10): 0.005888223648071289,
                               (13, 14): 0.002659320831298828},
                              {(5, 3): 0.004013776779174805, (2, 3): 0.007831692695617676, (3, 5): 0.007616996765136719,
                               (3, 2): 0.008489012718200684, (1, 9): 0.0015894174575805664,
                               (6, 7): 0.0028885602951049805, (6, 2): 0.009206533432006836, (1, 2): 0.00541079044342041,
                               (2, 1): 0.0025523900985717773, (2, 6): 0.004046916961669922,
                               (7, 6): 0.003435492515563965, (13, 15): 0.002287149429321289,
                               (8, 6): 0.004136800765991211, (13, 9): 0.005732536315917969,
                               (9, 1): 0.0008527040481567383, (4, 3): 0.004022359848022461,
                               (3, 4): 0.006383180618286133, (9, 13): 0.0017850399017333984,
                               (15, 13): 0.006568431854248047, (6, 8): 0.0023665428161621094,
                               (9, 10): 0.006073713302612305, (10, 12): 0.0048367977142333984,
                               (10, 11): 0.0020979642868041992, (10, 9): 0.004923582077026367,
                               (14, 13): 0.005785107612609863, (11, 10): 0.0038660764694213867,
                               (12, 10): 0.005110263824462891, (13, 14): 0.0020345449447631836},
                              {(5, 3): 0.0006575584411621094, (2, 3): 0.006526350975036621,
                               (3, 5): 0.0053784847259521484, (3, 2): 0.004652142524719238,
                               (1, 9): 0.0060454607009887695, (6, 7): 0.003182053565979004, (6, 2): 0.00428009033203125,
                               (1, 2): 0.008290529251098633, (2, 1): 0.0017223358154296875,
                               (2, 6): 0.0017580986022949219, (7, 6): 0.001772761344909668,
                               (13, 15): 0.0024073123931884766, (8, 6): 3.8743019104003906e-05,
                               (13, 9): 0.006291508674621582, (9, 1): 0.003684401512145996,
                               (4, 3): 0.0006564855575561523, (3, 4): 0.0034264326095581055,
                               (9, 13): 0.0030013322830200195, (15, 13): 0.0056095123291015625,
                               (6, 8): 0.004830718040466309, (9, 10): 0.003391861915588379,
                               (10, 12): 0.0027962923049926758, (10, 11): 0.0015132427215576172,
                               (10, 9): 0.005109190940856934, (14, 13): 0.004900574684143066,
                               (11, 10): 0.007081508636474609, (12, 10): 0.005180478096008301,
                               (13, 14): 0.0013576745986938477},
                              {(5, 3): 0, (2, 3): 0, (3, 5): 0.0017355680465698242, (3, 2): 0,
                               (1, 9): 0.0036202669143676758, (6, 7): 0.001573324203491211,
                               (6, 2): 0.006610512733459473, (1, 2): 0.006462216377258301, (2, 1): 0, (2, 6): 0,
                               (7, 6): 0.004612922668457031, (13, 15): 0, (8, 6): 0.0008641481399536133, (13, 9): 0,
                               (9, 1): 0.003441929817199707, (4, 3): 0, (3, 4): 0, (9, 13): 0, (15, 13): 0,
                               (6, 8): 0.0016115903854370117, (9, 10): 0.009693741798400879,
                               (10, 12): 0.006064772605895996, (10, 11): 0.00496983528137207,
                               (10, 9): 0.009245038032531738, (14, 13): 0, (11, 10): 0.002315998077392578,
                               (12, 10): 0.0007401704788208008, (13, 14): 0},
                              {(5, 3): 0.006194114685058594, (2, 3): 0.0058135986328125, (3, 5): 0.008647680282592773,
                               (3, 2): 8.749961853027344e-05, (1, 9): 0.0056340694427490234,
                               (6, 7): 0.005086064338684082, (6, 2): 0.005796074867248535, (1, 2): 0.003421783447265625,
                               (2, 1): 0.0023763179779052734, (2, 6): 0.003505110740661621,
                               (7, 6): 0.003672957420349121, (13, 15): 0.00234067440032959,
                               (8, 6): 0.002104520797729492, (13, 9): 0.006911158561706543,
                               (9, 1): 0.0016856193542480469, (4, 3): 0.0051648616790771484,
                               (3, 4): 0.005011796951293945, (9, 13): 0.004205822944641113,
                               (15, 13): 0.0007354021072387695, (6, 8): 0.005304574966430664,
                               (9, 10): 0.0018715858459472656, (10, 12): 0.0025076866149902344,
                               (10, 11): 0.007899761199951172, (10, 9): 0.00402379035949707, (14, 13): 0,
                               (11, 10): 0.008914947509765625, (12, 10): 0.004493236541748047,
                               (13, 14): 0.002786874771118164},
                              {(5, 3): 0.0068073272705078125, (2, 3): 0.007778167724609375,
                               (3, 5): 0.008578300476074219, (3, 2): 0.005330801010131836,
                               (1, 9): 0.0035386085510253906, (6, 7): 0.004840254783630371,
                               (6, 2): 0.003985285758972168, (1, 2): 0.0069789886474609375,
                               (2, 1): 0.0007834434509277344, (2, 6): 0.003160834312438965, (7, 6): 0.00219118595123291,
                               (13, 15): 0.006226778030395508, (8, 6): 0.00625765323638916,
                               (13, 9): 0.005254507064819336, (9, 1): 0.004857063293457031,
                               (4, 3): 0.0032749176025390625, (3, 4): 0.005856752395629883,
                               (9, 13): 0.0019216537475585938, (15, 13): 0.006014108657836914,
                               (6, 8): 0.005520462989807129, (9, 10): 0.0013822317123413086,
                               (10, 12): 0.0029104948043823242, (10, 11): 0.0036715269088745117,
                               (10, 9): 0.005338072776794434, (14, 13): 0.0064656734466552734,
                               (11, 10): 0.0031169652938842773, (12, 10): 0.006141543388366699,
                               (13, 14): 0.0024979114532470703},
                              {(5, 3): 0.007434725761413574, (2, 3): 0.0065610408782958984,
                               (3, 5): 0.009660601615905762, (3, 2): 0.0014128684997558594,
                               (1, 9): 0.005347490310668945, (6, 7): 0.0024362802505493164,
                               (6, 2): 0.0036635398864746094, (1, 2): 0.005906343460083008,
                               (2, 1): 0.0018551349639892578, (2, 6): 0.0010814666748046875,
                               (7, 6): 0.0005573034286499023, (13, 15): 0.004480838775634766,
                               (8, 6): 0.004114270210266113, (13, 9): 0.006209611892700195,
                               (9, 1): 0.003679990768432617, (4, 3): 0.0014820098876953125,
                               (3, 4): 0.005667686462402344, (9, 13): 0.0037145614624023438,
                               (15, 13): 0.005851030349731445, (6, 8): 0.005143523216247559,
                               (9, 10): 0.0022176504135131836, (10, 12): 0.004045724868774414,
                               (10, 11): 0.0033036470413208008, (10, 9): 0.006779789924621582,
                               (14, 13): 0.007325291633605957, (11, 10): 0.0078355073928833,
                               (12, 10): 0.005807638168334961, (13, 14): 0.0024863481521606445},
                              {(5, 3): 0.0002955198287963867, (2, 3): 0.004948735237121582,
                               (3, 5): 0.004843592643737793, (3, 2): 0.0013130903244018555,
                               (1, 9): 0.0014958381652832031, (6, 7): 0.00675201416015625, (6, 2): 0.004038095474243164,
                               (1, 2): 0.0013806819915771484, (2, 1): 0, (2, 6): 0, (7, 6): 0.0009133815765380859,
                               (13, 15): 0.0003377199172973633, (8, 6): 0.001753091812133789,
                               (13, 9): 0.005574584007263184, (9, 1): 0, (4, 3): 0.0022864341735839844,
                               (3, 4): 0.005359172821044922, (9, 13): 0.0018326044082641602,
                               (15, 13): 0.006027102470397949, (6, 8): 0.004597187042236328,
                               (9, 10): 0.0015336275100708008, (10, 12): 0.0032923221588134766,
                               (10, 11): 0.001831650733947754, (10, 9): 0.005445361137390137,
                               (14, 13): 0.003728508949279785, (11, 10): 0.005481362342834473,
                               (12, 10): 0.0046253204345703125, (13, 14): 0.002489924430847168},
                              {(5, 3): 0.008684396743774414, (2, 3): 0.005640149116516113, (3, 5): 0.007025480270385742,
                               (3, 2): 0.005645632743835449, (1, 9): 0.0019475221633911133,
                               (6, 7): 0.0006396770477294922, (6, 2): 0, (1, 2): 0, (2, 1): 0, (2, 6): 0, (7, 6): 0,
                               (13, 15): 0.008407115936279297, (8, 6): 0, (13, 9): 0.005091667175292969,
                               (9, 1): 0.00048148632049560547, (4, 3): 0.003311634063720703,
                               (3, 4): 0.006372213363647461, (9, 13): 0.0017347335815429688,
                               (15, 13): 0.005148649215698242, (6, 8): 0.0008194446563720703,
                               (9, 10): 0.0018233060836791992, (10, 12): 0.004085659980773926,
                               (10, 11): 0.0026558637619018555, (10, 9): 0.0047386884689331055,
                               (14, 13): 0.010462641716003418, (11, 10): 0.005892634391784668,
                               (12, 10): 0.00661313533782959, (13, 14): 0.003920435905456543},
                              {(5, 3): 0.0015619993209838867, (2, 3): 0.008465290069580078,
                               (3, 5): 0.006553530693054199, (3, 2): 0.005782365798950195, (1, 9): 0.004196643829345703,
                               (6, 7): 0.004475831985473633, (6, 2): 0.005512595176696777, (1, 2): 0.006210446357727051,
                               (2, 1): 0.004745602607727051, (2, 6): 0.002622246742248535, (7, 6): 0.004459381103515625,
                               (13, 15): 0.002526521682739258, (8, 6): 0.004434466361999512,
                               (13, 9): 0.005666017532348633, (9, 1): 0.003654956817626953,
                               (4, 3): 0.004639029502868652, (3, 4): 0.0062531232833862305,
                               (9, 13): 0.0035855770111083984, (15, 13): 0.005442380905151367,
                               (6, 8): 0.004625916481018066, (9, 10): 0.0025042295455932617,
                               (10, 12): 0.004059314727783203, (10, 11): 0.0016036033630371094,
                               (10, 9): 0.005287528038024902, (14, 13): 0.0027284622192382812,
                               (11, 10): 0.005632877349853516, (12, 10): 0.004641056060791016,
                               (13, 14): 0.0025262832641601562},
                              {(5, 3): 0.0036230087280273438, (2, 3): 0.006513476371765137,
                               (3, 5): 0.004871845245361328, (3, 2): 0.0026646852493286133,
                               (1, 9): 0.004411816596984863, (6, 7): 0.0041152238845825195,
                               (6, 2): 0.005369782447814941, (1, 2): 0.006765961647033691,
                               (2, 1): 0.0033262968063354492, (2, 6): 0.0022591352462768555,
                               (7, 6): 0.007686495780944824, (13, 15): 0.0031807422637939453,
                               (8, 6): 0.002159595489501953, (13, 9): 0.006010293960571289,
                               (9, 1): 0.006476759910583496, (4, 3): 0.0029855966567993164,
                               (3, 4): 0.006114840507507324, (9, 13): 0.002330780029296875, (15, 13): 0,
                               (6, 8): 0.005528926849365234, (9, 10): 0.0016423463821411133,
                               (10, 12): 0.0018159151077270508, (10, 11): 0.0016368627548217773,
                               (10, 9): 0.0046509504318237305, (14, 13): 0.00473785400390625,
                               (11, 10): 0.0057212114334106445, (12, 10): 0.008686184883117676,
                               (13, 14): 0.003006458282470703},
                              {(5, 3): 0.0015745162963867188, (2, 3): 0.005204677581787109,
                               (3, 5): 0.005458354949951172, (3, 2): 0.00459599494934082, (1, 9): 0.00442957878112793,
                               (6, 7): 0.0031014680862426758, (6, 2): 0.005234122276306152,
                               (1, 2): 0.0035408735275268555, (2, 1): 0.0004950761795043945,
                               (2, 6): 0.00240480899810791, (7, 6): 0.0016025304794311523,
                               (13, 15): 0.0040645599365234375, (8, 6): 0.0034379959106445312,
                               (13, 9): 0.005141139030456543, (9, 1): 0.002340555191040039,
                               (4, 3): 0.0015938282012939453, (3, 4): 0.004254817962646484,
                               (9, 13): 0.0037404298782348633, (15, 13): 0.008232593536376953,
                               (6, 8): 0.006395578384399414, (9, 10): 0, (10, 12): 0.0031322240829467773,
                               (10, 11): 0.0025135278701782227, (10, 9): 0.006273508071899414,
                               (14, 13): 0.003264307975769043, (11, 10): 0.007040143013000488,
                               (12, 10): 0.0058814287185668945, (13, 14): 0.004130959510803223}]